I B
S 103

0,024915733	0,52307232
0,033703577	0,521649144
0,042354109	0,534430522
0,051032106	0,52482289
0,059792487	0,528793947
0,068525406	0,531213514
0,077313249	0,529970003
0,086018706	0,539316463
0,094641778	0,539316463
0,103264849	0,534759605
0,111942844	0,530166203
0,12075815	0,54011192
0,12949107	0,536803307
0,138278912	0,534957127
0,17362252	0,556749755
0,182327977	0,546172837
0,191088359	0,559060514
0,199958588	0,536341315
0,208801355	0,535286453
0,217506813	0,550398714
0,226294656	0,548249173
0,235027575	0,548920224
0,243760494	0,560218611
0,252548338	0,558108149
0,270096562	0,561720018
0,278829481	0,5615834
0,287589863	0,554378578
0,296432631	0,553162089
0,30516555	0,554040462
0,313871007	0,560354977
0,322631389	0,557768316
0,331391769	0,555461596
0,340097228	0,549323152
0,348775223	0,546507329
0,357535604	0,554649183
0,366268523	0,553702502
0,375028905	0,558448138
0,383816747	0,560696001
0,392577129	0,553094565
0,401392435	0,564800569
0,410152815	0,560559572
0,418885734	0,559877806
0,427673578	0,560900691
0,436351573	0,56315602
0,445111955	0,560627784
0,454009646	0,561651706
0,462770027	0,56603637
0,471448022	0,567411886
0,480290791	0,572384777
0,48902371	0,560423169
0,497729167	0,560968934
0,506407162	0,573147433
0,515277391	0,557428639
0,524037773	0,557972197
0,619358411	0,572523384
0,948955813	0,510366962
0,460370947	0,555597086
0,495357548	0,570516077
0,668807606	0,55586814
0,677567987	0,56028679
0,686273445	0,578228318
0,695033826	0,568169501
0,703849131	0,563019138
0,712609512	0,568583069
0,721369894	0,5557326
0,730157736	0,556478376
0,738863195	0,557428639
0,747486265	0,55046599
0,756164261	0,548450423
0,76503449	0,539183972
0,773794872	0,539515245
0,782610177	0,534562137
0,791452944	0,535747764
0,80013094	0,531934436
0,808726549	0,535484121
0,817404544	0,526317554
0,826055077	0,525732309
0,852089063	0,527750199
0,860794521	0,525732309
0,869472516	0,517461115
0,878177973	0,522489763
0,886828507	0,522489763
0,895533964	0,521003199
0,108661684	0,531082515
0,117449527	0,529839234
0,126264832	0,531541115
0,135052676	0,526512744
0,143895443	0,535220576
0,152683286	0,534298931
0,161553516	0,540576343
0,170313897	0,539051506
0,17910174	0,54197141
0,187862121	0,545036716
0,196622503	0,548718844
0,205410346	0,547645755
0,214143266	0,543769037
0,222986033	0,543702379
0,234712311	0,552892032
0,243527617	0,557224908
0,252425308	0,558924387
0,261240613	0,556071496
0,270083381	0,543369178
0,278898686	0,557564491