I B
S 109

 0.02492   0.517
  0.0337  0.5155
 0.04235  0.5283
 0.05103  0.5187
 0.05979  0.5227
 0.06853  0.5251
 0.07731  0.5239
 0.08602  0.5332
 0.09464  0.5332
  0.1033  0.5286
  0.1119  0.5241
  0.1208   0.534
  0.1295  0.5307
  0.1383  0.5288
  0.1736  0.5506
  0.1823  0.5401
  0.1911  0.5529
     0.2  0.5302
  0.2088  0.5292
  0.2175  0.5443
  0.2263  0.5421
   0.235  0.5428
  0.2438  0.5541
  0.2525   0.552
  0.2701  0.5556
  0.2788  0.5555
  0.2876  0.5483
  0.2964   0.547
  0.3052  0.5479
  0.3139  0.5542
  0.3226  0.5517
  0.3314  0.5493
  0.3401  0.5432
  0.3488  0.5404
  0.3575  0.5485
  0.3663  0.5476
   0.375  0.5523
  0.3838  0.5546
  0.3926   0.547
  0.4014  0.5587
  0.4102  0.5544
  0.4189  0.5538
  0.4277  0.5548
  0.4364   0.557
  0.4451  0.5545
   0.454  0.5555
  0.4628  0.5599
  0.4714  0.5613
  0.4803  0.5663
   0.489  0.5543
  0.4977  0.5549
  0.5064   0.567
  0.5153  0.5513
   0.524  0.5519
  0.6194  0.5664
   0.949  0.5043
  0.4604  0.5495
  0.4954  0.5644
  0.6688  0.5498
  0.6776  0.5542
  0.6863  0.5721
   0.695  0.5621
  0.7038  0.5569
  0.7126  0.5625
  0.7214  0.5496
  0.7302  0.5504
  0.7389  0.5513
  0.7475  0.5444
  0.7562  0.5423
   0.765  0.5331
  0.7738  0.5334
  0.7826  0.5284
  0.7915  0.5296
  0.8001  0.5258
  0.8087  0.5294
  0.8174  0.5202
  0.8261  0.5196
  0.8521  0.5216
  0.8608  0.5196
  0.8695  0.5113
  0.8782  0.5164
  0.8868  0.5164
  0.8955  0.5149
  0.1087   0.525
  0.1174  0.5237
  0.1263  0.5254
  0.1351  0.5204
  0.1439  0.5291
  0.1527  0.5282
  0.1616  0.5345
  0.1703  0.5329
  0.1791  0.5359
  0.1879  0.5389
  0.1966  0.5426
  0.2054  0.5415
  0.2141  0.5377
   0.223  0.5376
  0.2347  0.5468
  0.2435  0.5511
  0.2524  0.5528
  0.2612    0.55
  0.2701  0.5373
  0.2789  0.5515
 0.007285  0.5111
  0.9633  0.5122
  0.9721  0.5082
  0.9808  0.5131
  0.9897  0.5047
  0.9985  0.5127