I Rc
S 143

  0.9432   0.973
  0.9576  0.9819
 0.01904  0.9817
 0.02802  0.9932
 0.03672  0.9822
 0.04537  0.9806
 0.05408  0.9854
 0.06284  0.9919
 0.07157  0.9858
 0.08036  0.9947
 0.08904  0.9942
 0.09766  0.9919
   0.115  0.9935
  0.1238  0.9975
  0.1325   1.008
  0.1414  0.9945
  0.1503  0.9894
  0.1766    1.01
  0.1854   1.006
  0.1942   1.012
   0.203   1.017
  0.2118   1.017
  0.2206   1.018
  0.2293   1.014
  0.2381   1.017
  0.2468   1.013
  0.2556   1.008
  0.2644   1.024
  0.2731   1.019
  0.2819    1.02
  0.2907   1.021
  0.2995   1.022
  0.3082    1.03
   0.317   1.027
  0.3257    1.02
  0.3344   1.026
  0.3431    1.02
  0.3518   1.029
  0.3606   1.025
  0.3693   1.027
  0.3781    1.02
  0.3869   1.027
  0.3956   1.022
  0.4044   1.024
  0.4132   1.029
   0.422   1.033
  0.4307    1.03
  0.4394   1.031
  0.4481   1.031
  0.4571   1.031
  0.4658   1.038
  0.4746    1.03
  0.4833   1.029
  0.4921    1.04
  0.5007   1.035
  0.5095   1.036
  0.5184   1.033
  0.5271   1.036
  0.6137   1.031
  0.6225   1.027
  0.6312   1.028
  0.1028  0.9925
  0.1117  0.9957
  0.1206   1.002
  0.1293  0.9976
  0.1382   1.001
  0.1469       1
  0.1558   1.007
  0.1646    1.01
  0.1734    1.01
  0.1822   1.014
  0.1909   1.013
  0.1998   1.014
  0.2085   1.018
  0.2172   1.015
   0.229   1.028
  0.2378   1.026
  0.2466   1.024
  0.2555   1.034
  0.2643   1.031
  0.2732   1.031
  0.1196   1.001
  0.1351   1.001
  0.1439   1.003
  0.1527   1.004
  0.1614   1.011
  0.1701   1.009
  0.1789    1.01
  0.1877   1.013
  0.1966   1.012
  0.2054   1.015
  0.2141   1.021
   0.223   1.022
  0.2317   1.027
  0.2404   1.022
  0.2492   1.021
  0.2581    1.02
  0.2668   1.021
  0.2757   1.022
  0.2844   1.022
  0.2932   1.022
   0.302   1.018
  0.3108   1.021
  0.3197   1.021
  0.3285   1.021
  0.3373   1.026
  0.3461   1.024
  0.4547   1.044
  0.4634   1.028
  0.6631   1.039
  0.6719   1.035
  0.6806   1.042
  0.6893   1.043
  0.6981    1.04
  0.7069   1.034
  0.7157   1.031
  0.7244    1.03
  0.7332   1.025
  0.7419   1.026
  0.7505   1.024
  0.7592    1.02
  0.7681   1.015
  0.7769   1.015
  0.7857   1.006
  0.7945   1.008
  0.8031   1.004
  0.8117  0.9904
  0.8204  0.9901
  0.8291  0.9902
  0.8378  0.9889
  0.8464  0.9929
  0.8551   0.993
  0.8638  0.9917
  0.8725  0.9914
  0.8899  0.9831
  0.8986  0.9868
  0.9073  0.9832
  0.9161  0.9796
  0.9664  0.9788
  0.9752  0.9783
  0.9839  0.9793
  0.9928  0.9744
 0.001546   0.975