I V
S 141

  0.1238  0.7394
  0.1378  0.7407
  0.1465  0.7393
  0.1553  0.7395
   0.164  0.7467
  0.1728  0.7431
  0.1816  0.7445
  0.1904  0.7488
  0.1992  0.7492
   0.208  0.7536
  0.2168  0.7503
  0.2256  0.7599
  0.2343  0.7606
   0.243  0.7634
  0.2518  0.7571
  0.2607  0.7565
  0.2695  0.7564
  0.2783  0.7575
   0.287  0.7645
  0.2958  0.7567
  0.3047  0.7554
  0.3135  0.7539
  0.3224  0.7525
  0.3312  0.7652
  0.3399  0.7636
  0.3488  0.7622
  0.1055  0.7262
  0.1144  0.7322
  0.1232  0.7404
  0.1319  0.7387
  0.1408  0.7387
  0.1496  0.7471
  0.1584  0.7364
  0.1673  0.7481
   0.176    0.75
  0.1848  0.7453
  0.1935  0.7456
  0.2024  0.7482
  0.2111   0.746
  0.2199  0.7514
  0.2316  0.7625
  0.2404  0.7522
  0.2493  0.7647
  0.2581  0.7616
   0.267  0.7528
  0.2758  0.7604
  0.4573  0.7645
  0.4661   0.762
  0.6657  0.7679
  0.6745  0.7658
  0.6832  0.7726
   0.692  0.7736
  0.7008  0.7655
  0.7095   0.763
  0.7183  0.7622
  0.7271  0.7578
  0.7358  0.7597
  0.7445  0.7608
  0.7531  0.7535
  0.7619  0.7531
  0.7707  0.7512
  0.7795  0.7434
  0.7883  0.7461
  0.7971  0.7464
  0.8057  0.7375
  0.8144  0.7302
   0.823  0.7303
  0.8317  0.7262
  0.8404  0.7194
   0.849  0.7284
  0.8577   0.734
  0.8665  0.7293
  0.8751  0.7278
  0.8838  0.7219
  0.8925  0.7241
    0.91  0.7256
  0.9459  0.7054
 0.02168  0.7233
 0.03066  0.7218
 0.03931  0.7262
 0.04796  0.7216
 0.05672  0.7243
 0.06545  0.7227
 0.07424  0.7268
 0.08297  0.7279
 0.09162  0.7316
  0.1002  0.7386
  0.1089  0.7368
  0.1177  0.7381
  0.1264  0.7341
  0.1352   0.743
   0.144  0.7399
  0.1529  0.7503
  0.1705  0.7506
  0.1793  0.7398
   0.188  0.7474
  0.1969   0.754
  0.2057  0.7444
  0.2145  0.7527
  0.2232  0.7489
   0.232  0.7557
  0.2407  0.7537
  0.2494  0.7611
  0.2582  0.7603
   0.267  0.7521
  0.2845  0.7659
  0.2934  0.7685
  0.3108  0.7586
  0.3196  0.7636
  0.3283  0.7581
   0.337  0.7583
  0.3457  0.7589
  0.3545  0.7605
  0.3632  0.7617
   0.372  0.7614
  0.3807  0.7563
  0.3895  0.7592
  0.3983  0.7615
  0.4071  0.7656
  0.4158  0.7625
  0.4246  0.7637
  0.4333  0.7631
   0.442  0.7598
  0.4508  0.7656
  0.4597  0.7631
  0.4684  0.7652
  0.4772  0.7701
   0.486  0.7634
  0.4947  0.7698
  0.5034  0.7711
   0.521  0.7689
  0.5299   0.765
  0.6163  0.7707
  0.6251  0.7683
  0.9602  0.7187
   0.969  0.7125
  0.9778  0.7149
  0.9866  0.7123
  0.9954  0.7161
 0.004182  0.7192
 0.01297  0.7158