35 70
1,02079563389423E-33 1,61020412176411E-34 
2,45768868042317E-32 1,22910447027907E-33 5,81735955156296E-37 5,79176568082724E-38 3,63154321988386E-37 5,36017587146273E-33 
3,31952217173536E-34 1,99677476231174E-32 1,09488314983318E-34 1,16617473982772E-33 1,63440775074397E-37 3,51135057670702E-35 2,07225958817527E-35 6,1611595970626E-40 1,52632552762938E-32 8,9711440500515E-33 
3,6146795192496E-33 7,10083110135162E-33 7,13381058136944E-33 1,18604841428733E-32 6,15660210429634E-30 6,43895114124304E-32 2,00693646411522E-28 1,45706416907529E-27 6,91198514121051E-30 1,67997846174317E-32 7,15410023515612E-36 1,02890886436885E-32 4,99595177136558E-32 2,02931778664173E-33 
2,42541809911879E-32 1,48396303217393E-32 1,1921320927985E-32 1,38273420161887E-33 2,34606539767849E-33 2,92869499752995E-30 2,45141265077223E-31 8,72093440569473E-27 1,1379218889036E-17 4,91155811906035E-17 2,55955768376975E-25 7,58480906485052E-30 3,46317686733655E-33 3,69393039945098E-34 2,38530767888415E-32 2,64290572692104E-32 2,29448939385001E-33 7,44286715006845E-33 
1,6639001137788E-32 5,59364724734912E-32 1,02115642259114E-32 1,21373321046722E-32 7,50362934060009E-34 5,70542671735011E-33 3,04477193076385E-30 1,10974160449866E-28 7,13226396314613E-28 3,54467491387505E-15 1 0,999999999999998 4,66141243339702E-13 6,36070290216661E-26 3,25101497786835E-29 5,17281254530106E-32 7,08130812749548E-33 4,01228064138771E-33 1,06853789509152E-31 1,07750933181187E-31 7,82966537582537E-33 1,32920021846316E-33 
5,38464730486387E-34 5,37356461299936E-32 9,13923869068709E-32 2,4936258527983E-33 4,08995647981123E-35 3,58401047147199E-36 1,1487925424894E-32 1,1733046572554E-30 2,08426943075004E-30 1,87221101241265E-29 4,22776794501258E-15 1 1 1 5,09787016187985E-14 3,1899912432072E-27 1,82873876012345E-31 1,10121781635021E-31 4,47552931398034E-33 4,63105029829934E-35 2,36413532493107E-33 8,51291348923312E-32 1,21739810137369E-31 1,28682266152556E-33 7,5943823169059E-35 
1,03560724669954E-34 1,84576103729048E-33 9,86166307144874E-33 5,34772823112911E-34 6,50608281928467E-34 2,37933133099261E-35 4,70735453399268E-36 8,60786724225406E-34 7,02105752884261E-32 1,33106918307924E-29 4,58203731037191E-33 3,59775868198148E-25 0,999965236211445 1 1 1 0,0296462673102003 6,67644532999117E-25 5,15597250040364E-31 2,87967238400274E-31 1,1081681745664E-31 2,90315315892903E-32 5,49406195797094E-34 3,4428005265503E-34 6,18303929441733E-34 1,55277639234881E-32 3,57480042843286E-34 3,14108529709114E-35 4,82417561511223E-36 
6,5659944620148E-36 1,91969620038825E-34 5,54523724750934E-34 6,3130308720334E-34 1,81344498046664E-35 3,46802551565842E-35 7,77476182119551E-36 5,14452925747965E-39 6,17386960913175E-36 2,47493381205557E-34 3,86245832715956E-32 2,63331739539222E-35 9,1297079776199E-30 1,05197086176026E-08 1 1 1 1 1,37435663360095E-13 4,859397125906E-29 2,34844508958484E-32 1,74200084976503E-32 6,47862946169382E-32 3,55068877926154E-35 7,83579055015796E-36 9,05061124423264E-36 2,56057853333846E-36 2,7150257423264E-35 1,28908897684272E-35 3,4468253959162E-35 2,263713306145E-36 3,4377345904495E-38 
1,22614860328114E-35 4,99906712819809E-34 2,63291514971361E-35 4,96380610819161E-35 1,03260313521192E-35 3,69049370520659E-34 4,22380196732427E-36 2,76138824098408E-37 1,02795287868751E-37 5,74231836722378E-36 6,55524685056258E-35 8,25145637208576E-34 2,44979052915168E-36 2,65351357373665E-35 1,90689347491687E-22 0,999999999997746 1 1 1 0,999999988548565 2,69030616803748E-27 4,68797254275599E-34 4,29531351734211E-31 4,06086720351165E-34 2,91288437228229E-33 8,1066740831423E-35 1,93198737144005E-36 1,19498035712477E-35 6,54164107864796E-39 1,19101655674552E-36 2,64114729141302E-37 1,85588516465783E-35 9,909153766708E-36 5,71478108585471E-36 7,14060225234722E-37 
1,0155736264978E-34 8,65866535739689E-34 6,98252999844919E-35 2,78469763547427E-36 6,59848614646563E-37 2,6883975525578E-35 9,23384835500837E-34 1,24336996843177E-33 2,5492609578847E-37 1,05629935969421E-35 2,55516544086491E-35 4,56708583430858E-35 1,41086167244334E-32 5,80453917775454E-34 1,0511368957907E-34 6,57786066414103E-18 0,999999904980728 1 1 1 0,999966560877141 9,24606238299693E-21 3,94153560877347E-34 2,32500409856236E-33 2,32176337653124E-33 7,33223484936972E-35 7,1119727630312E-32 4,01342810897918E-35 6,16716865652899E-34 1,72460837382212E-33 4,90561744423735E-36 3,64958598653877E-37 1,04236614818862E-35 6,26078959803872E-35 6,35864474901231E-35 2,88553176486599E-35 4,94571926172851E-36 
2,039454650171E-32 6,59856556226739E-32 1,56667819994617E-33 1,61918623425763E-33 8,08987654869362E-34 8,50527780173824E-33 1,40220382971458E-32 1,03571114155471E-33 1,32356415825917E-34 2,90275449295489E-35 2,93593807878305E-35 4,11102373075412E-36 3,85094244901512E-36 1,0603320961457E-28 1,16591137753178E-32 8,60754746540226E-37 9,98391291902326E-27 1,66358271087097E-10 0,999976394969573 0,999999999999574 0,999999999999815 0,99999996418391 1,21922095834897E-13 4,95217502215296E-32 4,06961983302105E-37 1,49333237386018E-28 2,25367988592051E-30 5,67723595057168E-36 3,91689285345428E-33 1,32937696849433E-34 2,35126160073218E-34 5,23371882980502E-34 3,04195862419137E-35 1,24517018912951E-33 2,62587128113468E-35 2,04778903728203E-34 1,32168780301072E-32 3,73702092279655E-33 1,39912460296203E-32 4,12105065646067E-33 
2,7009638085065E-31 8,33031304612469E-30 7,3565035807697E-31 9,6326428821803E-33 5,87771866205605E-34 2,43914494341824E-31 4,00844456750427E-29 8,13505966411E-32 8,09983705065755E-33 5,56790550506678E-31 3,56250213784704E-31 2,6344327362305E-31 4,66916432638694E-34 4,63135079742041E-32 1,97259865759007E-29 1,47101253869829E-34 4,94591177740631E-34 7,61614605115474E-26 3,49522985745486E-17 0,000147657862891549 0,999247751995141 0,980318552409597 0,00248448290845249 8,06121744872627E-17 6,0514856728161E-27 1,26874389171222E-32 3,93130716604183E-29 2,61959333454397E-28 2,70024640773553E-34 5,06203113988938E-33 2,18858358835565E-31 3,38299842685245E-32 3,17539926988109E-30 2,90457659095125E-31 1,74297543118819E-32 1,31773443170903E-31 1,08510254964518E-31 2,1772261331569E-31 1,44389248154218E-30 1,01983056121028E-30 1,45955917597376E-30 2,45347700878206E-31 
2,29778437545478E-29 1,41112338171478E-28 1,29437568615958E-28 3,98351806305477E-29 9,91568205174602E-31 9,82948477420379E-30 8,77319219091007E-28 8,8423345392842E-29 1,81173497663863E-31 4,43269610565965E-31 5,01441317881029E-30 1,43075362671456E-29 2,82120625024033E-32 1,33963067792942E-30 1,2923618778977E-25 1,1861658009606E-27 1,46124058934104E-32 7,94421727238204E-27 1,73199860505757E-21 9,53931209291492E-15 6,2045589313069E-07 0,000258303688150816 8,84170723664114E-07 2,70778868565521E-15 9,1004323864892E-23 1,32215555253386E-31 3,2362407076681E-29 1,23068091465369E-25 5,6018972899395E-26 1,2056477329874E-29 7,17686199687707E-29 4,68828304415478E-31 1,57189163449738E-30 4,31243212044181E-30 4,16229013425203E-31 4,33859231542871E-30 2,19264932417856E-29 1,54084091795741E-29 1,83397179204745E-29 1,57349980766381E-28 4,3464091971212E-29 2,95810139255141E-29 1,39284747388215E-29 
4,43095079865452E-27 1,21522327130203E-26 2,63251494721657E-26 1,40906802284901E-26 7,31951373036083E-28 3,14533266036669E-28 9,89253569478153E-27 7,07395352718138E-27 2,4004214345705E-28 1,49040887491574E-27 1,41360128434254E-27 6,88699887001015E-26 3,25926317894209E-27 8,48164148622066E-30 1,74253451518019E-27 2,45704411318186E-23 6,11019537710506E-27 2,99881380888366E-30 9,14802435823235E-23 3,40320640680124E-20 1,60172334548812E-13 1,43774489012171E-10 5,15296000745116E-08 3,01997457892355E-11 6,76465470694088E-12 1,15130454348362E-20 1,35011963161909E-25 1,42743602427149E-27 7,22249428431696E-25 6,80331790004238E-23 5,04874846162632E-27 1,21351431193436E-28 1,78631104264245E-27 1,06086515789846E-26 2,31274636786077E-27 4,23934032652913E-27 1,45975265558475E-27 2,34977649969497E-27 1,0152418690691E-26 1,85764539875602E-27 1,00272372688582E-26 5,58770156043879E-27 2,18928083917857E-27 2,13497927929103E-27 1,70669679925027E-27 
5,06103677298292E-25 7,55573612326815E-25 1,08045556074503E-24 1,61711390828255E-24 1,22702994432856E-25 6,45938165043144E-26 9,13111839423435E-25 5,74607424321037E-25 8,65126877854449E-26 4,32175213262036E-26 2,656824460014E-25 9,07984965540011E-25 8,34328674968756E-24 9,00176519423295E-27 5,81025728643499E-26 9,29958283813779E-21 3,21231502765075E-23 1,48976359153242E-25 5,49907453979125E-22 1,74991859808438E-18 9,51476467013445E-16 1,47000935165847E-14 2,89713910270604E-12 1,84423292971355E-11 6,6331334805978E-12 3,11448641530278E-16 1,15876862813239E-20 2,1318784797616E-24 4,25920856369585E-24 1,21249602446771E-20 1,03110869650507E-22 1,99790331572389E-25 4,55340538445452E-24 2,78596124753405E-24 4,93230930136513E-25 2,21048875003744E-24 5,17567870117699E-26 4,31477715104835E-26 8,22208562470162E-25 5,16298789194663E-25 1,98346939099561E-25 1,20319365548114E-24 4,65617817681853E-25 3,81099988549521E-25 9,16236054144066E-26 2,13566453873507E-25 
1,23070172436117E-17 1,35052950991559E-17 7,96873627277392E-17 2,40189947305506E-17 3,13810276155778E-18 1,70627520342206E-17 3,10378218466462E-18 7,2064150631617E-19 1,05308399997036E-17 3,79392912076356E-18 2,13771872072465E-17 5,6351316746292E-17 1,18080036208471E-17 9,9347422873562E-18 2,78481154476474E-18 1,77363684764564E-18 8,58713587902116E-18 8,13414985127719E-17 2,20433017817143E-18 7,03740858651027E-18 4,02396667316048E-18 5,53652768131969E-19 8,30570297607348E-17 5,5854825186132E-14 5,40674444996442E-15 1,81200221690239E-15 1,80802163292535E-16 2,06316281549199E-16 7,65302632703842E-12 4,34404161156053E-10 2,02114358812232E-09 2,25097452877508E-08 1,95926157172404E-08 4,10033156241068E-07 5,41485545369293E-06 2,80269612607023E-06 5,13541684086343E-06 4,82979353031538E-07 7,29487112486015E-08 4,8201188262102E-10 1,47583277947494E-12 2,65249836268022E-13 2,61939035930484E-16 5,57320877179039E-15 1,2770813640034E-13 2,11699925631338E-13 1,26516162614711E-15 8,34369022369091E-17 7,24804229277791E-17 1,44016584793039E-16 1,08534334461813E-16 5,43958984402664E-19 1,8103905151978E-17 2,86362093242852E-18 4,62875814192343E-18 1,24936568017884E-17 1,65391640374645E-17 3,14755998575433E-18 4,7137324144053E-17 4,76239543431452E-17 6,21234832565121E-18 1,71813432313493E-17 9,78082315445126E-18 1,44802897452331E-17 7,13988981888549E-17 2,11930068356409E-18 6,56645400579466E-18 8,58471219270635E-18 5,05377426982125E-18 1,25821276151447E-17 
3,86301908530705E-15 4,18650705507376E-15 1,79083832501603E-14 6,0220045454646E-15 7,39177009527044E-16 2,13923833732095E-15 9,43131963471585E-16 2,95623454916377E-16 4,6645822198609E-15 1,87205444117241E-15 9,4723021185816E-15 2,66857012733585E-14 4,7694668639464E-15 6,86966431225625E-15 1,50391655492833E-15 8,80305681198749E-16 3,1517118338274E-15 3,10304103964317E-14 7,23789674315533E-16 1,2438807628106E-15 1,07371816337714E-15 2,07807503462347E-16 1,83966699320252E-14 1,33900318816206E-11 6,63383668807415E-13 1,88737265732358E-13 1,84031559799392E-14 3,05694505708801E-14 4,64764091360951E-10 1,81829631871096E-08 6,1688385146962E-08 4,81025957204914E-07 1,80141522076855E-07 1,68246602857935E-06 2,26850785939262E-05 1,09025952740599E-05 2,27851644338101E-05 9,6348896653027E-07 1,1249169093472E-06 1,31354173291912E-08 6,31586206042311E-11 3,83600581861143E-11 3,80407725494949E-14 3,85031441130991E-13 7,40642282180546E-12 1,76423562242312E-11 2,51417440290228E-13 8,9581338799975E-15 2,74270009326338E-14 2,28823227389136E-14 2,60546084404132E-14 1,45628128145215E-16 6,85678193867917E-15 1,26885102612464E-15 1,73263937929356E-15 8,8839788330251E-15 6,44468368251042E-15 1,02601394880893E-15 1,17970434580842E-14 1,62422511785922E-14 2,10172194286549E-15 4,68421516121156E-15 3,09866792447468E-15 4,67495276296094E-15 1,55472911738641E-14 5,38751313495137E-16 1,45182654772276E-15 2,02006292098118E-15 9,95233667080948E-16 4,20279852307721E-15 
1,39678850543224E-12 1,88540122363536E-12 8,78543082135295E-12 2,47275273478627E-12 3,60253052590234E-13 1,77601207903091E-12 3,65281076836197E-13 1,58422468860557E-13 3,4167309500948E-12 1,09295810464557E-12 7,41936694539848E-12 1,9177951458282E-11 3,23398261254275E-12 2,87435502657812E-12 9,37266577063781E-13 7,14266811153042E-13 2,03479092802005E-12 1,94971975891381E-11 3,96382676283602E-13 8,66403592222992E-13 3,83382292064375E-13 6,66416842654895E-14 7,53666825139451E-12 1,4852572501683E-09 1,11049499159412E-10 3,41039118748891E-11 3,04298376792089E-12 3,38945118184039E-12 2,51112166839875E-08 7,50795674625711E-07 1,41982598495492E-06 7,60610892475019E-06 7,28952013307135E-06 4,03509457924155E-05 0,000198325294942269 0,000141045115921249 0,000280536470055517 2,67250887594322E-05 1,32271935569909E-05 4,46853720581547E-07 7,59563055463104E-09 1,44219177925941E-09 4,8573322484419E-12 5,51692028533719E-11 7,57780701103194E-10 1,78735267771634E-09 4,24264051476925E-11 4,13530352480273E-12 4,57776866576274E-12 1,16268365801113E-11 1,43337343280911E-11 8,94966844797746E-14 4,80228107624389E-12 1,02356751678928E-12 1,68933963534365E-12 4,11726846863174E-12 3,99109856759897E-12 6,91927552634675E-13 8,01923312396498E-12 9,5134255308722E-12 1,19672578419026E-12 2,53547313480862E-12 1,00625222898427E-12 1,31686252958845E-12 5,78618458078488E-12 2,1346349700239E-13 5,58138802051511E-13 8,83583441446843E-13 5,22341597184787E-13 1,22225276682015E-12 
1,77166955658623E-13 2,15072490619378E-13 2,09943416977396E-13 2,26845207645062E-13 3,30171555084112E-14 5,06712703070919E-14 2,53867780328969E-12 2,34284919991947E-12 9,53141112155793E-14 4,22457624808435E-14 7,3568808608528E-13 1,91345952988394E-12 6,04958192532007E-12 5,19454056240283E-15 1,6755614377843E-14 3,98135605909906E-10 9,39560932184761E-13 3,38199488107115E-14 2,93393153737426E-11 2,83833297007543E-08 3,2485140402278E-07 2,38006734394082E-06 7,85600583367345E-06 1,31411324292698E-05 5,04885206682931E-06 1,30496420228415E-07 6,96029927049116E-10 8,32395240929931E-13 4,4864988632227E-13 3,68944663030067E-11 4,41532183551436E-12 3,90212835635154E-14 8,47469691917904E-13 1,98276793475782E-12 6,77510871412936E-13 1,9799144805659E-11 8,17594442789852E-14 2,24804368756165E-14 7,17353440663542E-13 3,8392840768078E-13 4,90240281594254E-14 1,90136446147712E-13 4,47456423399441E-14 4,41384942303193E-14 1,12651967628207E-14 5,28073823575204E-14 
2,13275804233687E-10 4,9965685744272E-10 7,94782787465856E-10 3,36548417492579E-10 1,07236074546173E-10 1,19305649758033E-10 1,34507939136419E-08 4,25208419538273E-09 2,28685694634915E-10 5,86217343667972E-10 8,02633618882633E-10 4,05752625367964E-08 3,45858789174806E-10 5,59044150953521E-12 7,01413712813782E-11 3,00047982642927E-08 7,38879062375186E-11 8,21421945629416E-12 3,19154271025748E-08 2,04855706095187E-06 0,000118486266464932 0,000472526082696821 0,00173256682826594 0,000372319217773129 7,06459422690122E-05 5,24314816220964E-07 1,95585339735698E-09 6,0663804904011E-11 1,0228881966097E-09 2,23678978853863E-08 5,5670625792502E-11 5,26288174320807E-11 5,14466158160526E-10 5,38840353852719E-09 1,97359586277119E-09 5,29339673490325E-09 4,60488278225504E-10 9,76281057667775E-10 3,03400144752397E-09 1,31909195964474E-10 3,47355860337904E-10 9,33888064649127E-11 8,60290295168736E-11 3,92112681482223E-11 7,7702047948767E-11 
8,32511607940251E-08 2,86974292807727E-07 1,62977587116119E-07 1,91713055110297E-07 5,94186203932823E-08 5,27236171635186E-07 2,21976785693416E-05 2,59190341317863E-06 1,02609355306536E-07 8,80593071520136E-08 5,09064638084117E-07 2,43734680379949E-07 2,04324189453494E-08 1,44266382549788E-08 7,41845551341726E-06 1,142314706032E-07 2,52761481997302E-09 4,21151395040364E-07 2,57836735452573E-05 0,000516157273128906 0,00219615601460293 0,00481525916197371 0,00204647003045955 0,000181080407250137 2,24715239304053E-06 1,53437191008271E-08 1,43246217229852E-08 7,76129533924528E-07 7,97110758691203E-07 5,45136355479288E-08 3,85540862657289E-07 1,21731689506321E-07 1,48209697188699E-07 5,66008101751192E-07 2,30363894429749E-07 4,35047664466333E-07 9,03636686080477E-07 2,12321533056027E-07 1,18053752436297E-07 1,40935926788449E-07 2,71356789696884E-08 6,42831254232796E-08 4,79063806573896E-08 
2,57191025754339E-05 3,91263401455797E-05 1,51905211073199E-05 3,41448881147223E-05 2,26471486335459E-05 6,93281302059525E-05 0,000777670174938574 0,000271544409910981 0,000157366277925106 0,000300286517452229 0,000135402032590654 0,000244779212800347 1,1119567802141E-05 5,65451170814341E-06 2,21918017116845E-05 4,8441853080777E-07 8,46483713644396E-07 5,57334051091951E-05 0,000552662153040573 0,00341122174135592 0,00647334677576814 0,00513117289259802 0,00388261029854035 0,000428776738421428 1,30964323141721E-05 1,23163591228603E-06 3,91500293560223E-06 2,63629702786707E-05 1,56026085849482E-06 3,16030429036543E-05 7,38215149589124E-05 7,063690822676E-05 0,00189270437128375 0,000522004307723191 0,000100240712018987 0,000134673305330837 4,38721067681505E-05 3,11345675763725E-05 3,33097653372445E-05 6,13916243936791E-06 1,25685604555101E-05 1,85995785804191E-05 
0,00139070593245317 0,00172933789047848 0,000761074214339026 0,00217261997067734 0,00284539532228635 0,00295696098422221 0,0078995525468041 0,0050863969195621 0,00702651596873787 0,00194762638644969 0,00116700612578318 0,00166064105695625 0,00111483626365701 0,00415765893954392 0,000169195974536302 3,56979900340206E-05 0,00128537313419068 0,00591751387783729 0,00586625881916301 0,0124301310255483 0,0166613263648777 0,00746374365331302 0,00251127196871928 0,000195420452962322 4,75732276910442E-05 0,000436703908500675 0,00112125466571563 0,000767323680031403 0,0053746817385686 0,000833105173007431 0,00251966543390865 0,0156763922311431 0,00789935236898582 0,00641792495121973 0,00176940301235581 0,00174316687434749 0,00166101408085548 0,000432459791563838 0,000554942925073843 0,000723463621435741 
0,0170079455479009 0,0316541908484232 0,0240984077468976 0,0302539461616538 0,0320243962307865 0,0628979929328525 0,0529996632077958 0,0754613547260498 0,08111485280107 0,0630453840335561 0,0346597284202077 0,0251278184544749 0,0428316804544784 0,00416853066381314 0,00269999130836795 0,0185453283859852 0,0341455569778066 0,0297186559699791 0,0482127663134803 0,0322718403927733 0,0231337150159496 0,00920091074656634 0,00251130497926041 0,00671726520370794 0,0185761929511184 0,0181297954049161 0,0512929751950163 0,0572152713610503 0,109526442845441 0,132409478921328 0,0746942968134888 0,0619884783276821 0,0325163194131977 0,0220920159881155 0,0164629245678515 0,012076831352524 0,01134679046349 
0,143486326148029 0,187549815560755 0,179392995084332 0,167499902058709 0,202277607778455 0,234587808503462 0,19504903185777 0,215149808845759 0,245493136569368 0,269332552485421 0,168123422378891 0,16054221040734 0,119928687524767 0,0919070796607551 0,105622399959503 0,146782643610002 0,17323064472238 0,15755495465093 0,156262200139771 0,140859427278057 0,102560742622386 0,0894711776004186 0,125157407452811 0,128883888448676 0,181765593689499 0,239968189363466 0,226747751475899 0,255043200226712 0,194571725580938 0,23669175090491 0,23505213107047 0,156204108573384 0,141272171290099 0,137782954792894 0,13467943245734 
0 0 0 0 0 0 0 0 0 0 0 0 0 0 0 0 0 0 0 0 0 0 0 0 0 0 0 0 0 0 0 0 
0 0 0 0 0 0 0 0 0 0 0 0 0 0 0 0 0 0 0 0 0 0 0 0 0 0 0 0 0 
0 0 0 0 0 0 0 0 0 0 0 0 0 0 0 0 0 0 0 0 0 0 0 0 0 
0 0 0 0 0 0 0 0 0 0 0 0 0 0 0 0 0 0 0 0 0 0 
0 0 0 0 0 0 0 0 0 0 0 0 0 0 0 0 0 0 
0 0 0 0 0 0 0 0 0 0 0 0 0 0 
0 0 0 0 0 0 0 0 0 0 
0 0 0 0 0 0 
0 0 
