S 10 18 20
1
0,08726646	0,17453293	0,26179939	0,34906585	0,43633231	0,52359878	0,61086524	0,6981317	0,78539816	0,87266463	0,95993109	1,04719755	1,13446401	1,22173048	1,30899694	1,3962634	1,48352986	1,57079633	
05,00	2,7023E-036	0,0000E000	0,0000E000	0,0000E000	0,0000E000	0,0000E000	0,0000E000	0,0000E000	0,0000E000	0,0000E000	0,0000E000	0,0000E000	0,0000E000	0,0000E000	0,0000E000	0,0000E000	0,0000E000	0,0000E000	
10,00	1,6417E-035	0,0000E000	0,0000E000	0,0000E000	0,0000E000	0,0000E000	0,0000E000	0,0000E000	0,0000E000	0,0000E000	0,0000E000	0,0000E000	0,0000E000	0,0000E000	0,0000E000	0,0000E000	0,0000E000	0,0000E000	
15,00	3,7853E-035	8,9087E-035	8,8104E-033	2,2618E-031	2,6194E-030	1,8159E-029	8,6684E-029	3,1520E-028	9,2614E-028	2,2224E-027	5,2052E-027	8,0617E-027	1,7753E-026	3,5754E-026	3,1137E-026	4,1297E-026	9,1634E-026	3,4302E-025	
20,00	4,8594E-034	4,3047E-031	2,6093E-029	4,7388E-028	4,2631E-027	2,4111E-026	9,7656E-026	3,0763E-025	7,9753E-025	1,7596E-024	3,4267E-024	5,9468E-024	9,6300E-024	1,4715E-023	2,1621E-023	3,4800E-023	8,0427E-023	2,5128E-022	
25,00	1,5386E-031	5,5906E-029	1,9670E-027	2,4225E-026	1,6216E-025	7,2802E-025	2,4524E-024	6,6362E-024	1,5156E-023	3,0338E-023	5,4459E-023	8,8893E-023	1,3508E-022	1,9749E-022	2,9050E-022	4,7192E-022	1,0424E-021	2,5032E-021	
30,00	1,0609E-029	2,0765E-027	4,7926E-026	4,3853E-025	2,3717E-024	8,9987E-024	2,6329E-023	6,3534E-023	1,3258E-022	2,4651E-022	4,1738E-022	6,5327E-022	9,5796E-022	1,3535E-021	1,9389E-021	3,0841E-021	6,3643E-021	1,2604E-020	
35,00	3,0571E-028	3,2540E-026	5,7167E-025	4,2629E-024	1,9183E-023	6,2565E-023	1,6463E-022	3,6934E-022	7,2383E-022	1,2643E-021	2,0206E-021	3,0266E-021	4,3218E-021	6,0112E-021	8,5094E-021	1,3309E-020	2,5696E-020	4,4161E-020	
40,00	4,9078E-027	3,1960E-025	4,0207E-024	2,4979E-023	1,0221E-022	3,1025E-022	7,4758E-022	1,5137E-021	2,7230E-021	4,5406E-021	7,1384E-021	1,0593E-020	1,4948E-020	2,0587E-020	2,8941E-020	4,4559E-020	8,0389E-020	1,2329E-019	
45,00	4,0234E-026	2,2205E-024	2,2668E-023	1,1297E-022	3,8536E-022	1,0509E-021	2,4549E-021	5,0159E-021	8,9983E-021	1,4303E-020	2,0677E-020	2,8285E-020	3,7957E-020	5,1383E-020	7,2299E-020	1,1091E-019	1,9276E-019	2,8002E-019	
50,00	2,1354E-025	9,6855E-024	9,4253E-023	4,4359E-022	1,3719E-021	3,2440E-021	6,4750E-021	1,1749E-020	2,0274E-020	3,3588E-020	5,2731E-020	7,7385E-020	1,0647E-019	1,4151E-019	1,9117E-019	2,7836E-019	4,4253E-019	5,8552E-019	
55,00	1,0580E-024	3,0015E-023	2,6613E-022	1,2484E-021	3,9516E-021	9,4966E-021	1,8535E-020	3,0809E-020	4,5612E-020	6,3235E-020	8,6106E-020	1,1875E-019	1,6734E-019	2,4032E-019	3,5367E-019	5,4715E-019	8,8943E-019	1,1745E-018	
60,00	4,9424E-024	9,0823E-023	6,1256E-022	2,5736E-021	8,0246E-021	2,0066E-020	4,1981E-020	7,5478E-020	1,1888E-019	1,6685E-019	2,1324E-019	2,5603E-019	2,9878E-019	3,5018E-019	4,2599E-019	5,5262E-019	7,5018E-019	8,8839E-019	
65,00	1,9210E-023	3,0761E-022	1,5558E-021	5,0955E-021	1,3458E-020	3,1238E-020	6,5453E-020	1,2443E-019	2,1502E-019	3,3926E-019	4,9211E-019	6,6272E-019	8,4508E-019	1,0566E-018	1,3486E-018	1,8092E-018	2,4758E-018	2,8984E-018	
70,00	5,4558E-023	9,7554E-022	4,4155E-021	1,2276E-020	2,6254E-020	4,9012E-020	8,6516E-020	1,4992E-019	2,5493E-019	4,1879E-019	6,5716E-019	9,8389E-019	1,4149E-018	1,9778E-018	2,7441E-018	3,8713E-018	5,4195E-018	6,3790E-018	
75,00	1,2489E-022	2,5232E-021	1,1361E-020	3,1014E-020	6,2728E-020	1,0399E-019	1,5125E-019	2,0563E-019	2,7778E-019	3,8742E-019	5,5865E-019	8,1532E-019	1,1810E-018	1,6916E-018	2,4222E-018	3,5021E-018	4,9439E-018	5,8166E-018	
80,00	2,5581E-022	5,2231E-021	2,4062E-020	6,7715E-020	1,4158E-019	2,4077E-019	3,4904E-019	4,4454E-019	5,1206E-019	5,5344E-019	5,8599E-019	6,3310E-019	7,1504E-019	8,4439E-019	1,0211E-018	1,2324E-018	1,4506E-018	1,5629E-018	
85,00	5,0797E-022	8,8436E-021	4,1779E-020	1,2153E-019	2,6564E-019	4,7802E-019	7,4115E-019	1,0143E-018	1,2431E-018	1,3827E-018	1,4223E-018	1,3817E-018	1,2940E-018	1,1933E-018	1,1020E-018	1,0354E-018	1,0036E-018	9,9616E-019	
90,00	9,3469E-022	1,2668E-020	6,0747E-020	1,8122E-019	4,1024E-019	7,7358E-019	1,2748E-018	1,8850E-018	2,5373E-018	3,1361E-018	3,5948E-018	3,8941E-018	4,0860E-018	4,2501E-018	4,4692E-018	4,7972E-018	5,1708E-018	5,3523E-018	
95,00	1,5707E-021	1,5911E-020	7,5771E-020	2,2978E-019	5,3246E-019	1,0362E-018	1,7803E-018	2,7802E-018	4,0155E-018	5,4180E-018	6,8686E-018	8,2346E-018	9,4839E-018	1,0748E-017	1,2208E-017	1,3932E-017	1,5603E-017	1,6357E-017	
100,00	2,4462E-021	1,9100E-020	8,2964E-020	2,5352E-019	5,9511E-019	1,1791E-018	2,0748E-018	3,3437E-018	5,0343E-018	7,1751E-018	9,7625E-018	1,2740E-017	1,5989E-017	1,9428E-017	2,3174E-017	2,7296E-017	3,1104E-017	3,2784E-017	

10
0,08726646	0,17453293	0,26179939	0,34906585	0,43633231	0,52359878	0,61086524	0,6981317	0,78539816	0,87266463	0,95993109	1,04719755	1,13446401	1,22173048	1,30899694	1,3962634	1,48352986	1,57079633	
05,00	1,6214E-035	0,0000E000	0,0000E000	0,0000E000	0,0000E000	0,0000E000	0,0000E000	0,0000E000	0,0000E000	0,0000E000	0,0000E000	0,0000E000	0,0000E000	0,0000E000	0,0000E000	0,0000E000	0,0000E000	0,0000E000	
10,00	9,8500E-035	0,0000E000	0,0000E000	0,0000E000	0,0000E000	0,0000E000	0,0000E000	0,0000E000	0,0000E000	0,0000E000	0,0000E000	0,0000E000	0,0000E000	0,0000E000	0,0000E000	0,0000E000	0,0000E000	0,0000E000	
15,00	2,2719E-034	8,8974E-034	8,8320E-032	2,2614E-030	2,6194E-029	1,8160E-028	8,6684E-028	3,1520E-027	9,2614E-027	2,2224E-026	5,2052E-026	8,0617E-026	1,7753E-025	3,5754E-025	3,1137E-025	4,1297E-025	9,1634E-025	3,4302E-024	
20,00	4,7706E-033	4,3045E-030	2,6096E-028	4,7388E-027	4,2631E-026	2,4111E-025	9,7656E-025	3,0763E-024	7,9753E-024	1,7596E-023	3,4267E-023	5,9468E-023	9,6300E-023	1,4715E-022	2,1621E-022	3,4800E-022	8,0427E-022	2,5127E-021	
25,00	1,5386E-030	5,5906E-028	1,9670E-026	2,4225E-025	1,6216E-024	7,2802E-024	2,4524E-023	6,6362E-023	1,5156E-022	3,0338E-022	5,4458E-022	8,8892E-022	1,3508E-021	1,9749E-021	2,9050E-021	4,7191E-021	1,0424E-020	2,5031E-020	
30,00	1,0609E-028	2,0765E-026	4,7926E-025	4,3853E-024	2,3717E-023	8,9986E-023	2,6328E-022	6,3533E-022	1,3258E-021	2,4650E-021	4,1735E-021	6,5322E-021	9,5787E-021	1,3533E-020	1,9386E-020	3,0837E-020	6,3633E-020	1,2603E-019	
35,00	3,0571E-027	3,2540E-025	5,7167E-024	4,2628E-023	1,9182E-022	6,2562E-022	1,6462E-021	3,6930E-021	7,2371E-021	1,2640E-020	2,0201E-020	3,0256E-020	4,3201E-020	6,0085E-020	8,5050E-020	1,3302E-019	2,5681E-019	4,4134E-019	
40,00	4,9078E-026	3,1960E-024	4,0207E-023	2,4977E-022	1,0220E-021	3,1020E-021	7,4737E-021	1,5131E-020	2,7214E-020	4,5374E-020	7,1324E-020	1,0582E-019	1,4928E-019	2,0554E-019	2,8885E-019	4,4458E-019	8,0190E-019	1,2298E-018	
45,00	4,0234E-025	2,2205E-023	2,2666E-022	1,1294E-021	3,8522E-021	1,0503E-020	2,4529E-020	5,0104E-020	8,9844E-020	1,4272E-019	2,0620E-019	2,8188E-019	3,7803E-019	5,1144E-019	7,1923E-019	1,1028E-018	1,9161E-018	2,7837E-018	
50,00	2,1354E-024	9,6850E-023	9,4233E-022	4,4335E-021	1,3704E-020	3,2381E-020	6,4584E-020	1,1712E-019	2,0201E-019	3,3447E-019	5,2460E-019	7,6890E-019	1,0562E-018	1,4010E-018	1,8885E-018	2,7432E-018	4,3528E-018	5,7550E-018	
55,00	1,0579E-023	3,0008E-022	2,6599E-021	1,2470E-020	3,9427E-020	9,4591E-020	1,8421E-019	3,0545E-019	4,5117E-019	6,2443E-019	8,4956E-019	1,1712E-018	1,6494E-018	2,3654E-018	3,4735E-018	5,3603E-018	8,6978E-018	1,1480E-017	
60,00	4,9411E-023	9,0722E-022	6,1149E-021	2,5670E-020	7,9925E-020	1,9937E-019	4,1564E-019	7,4391E-019	1,1654E-018	1,6253E-018	2,0620E-018	2,4550E-018	2,8378E-018	3,2905E-018	3,9562E-018	5,0727E-018	6,8308E-018	8,0747E-018	
65,00	1,9198E-022	3,0659E-021	1,5466E-020	5,0547E-020	1,3332E-019	3,0889E-019	6,4511E-019	1,2201E-018	2,0939E-018	3,2768E-018	4,7076E-018	6,2671E-018	7,8778E-018	9,6758E-018	1,2094E-017	1,5873E-017	2,1344E-017	2,4822E-017	
70,00	5,4490E-022	9,6868E-021	4,3540E-020	1,2016E-019	2,5560E-019	4,7609E-019	8,4028E-019	1,4546E-018	2,4634E-018	4,0178E-018	6,2448E-018	9,2432E-018	1,3114E-017	1,8040E-017	2,4561E-017	3,3950E-017	4,6717E-017	5,4618E-017	
75,00	1,2457E-021	2,4920E-020	1,1072E-019	2,9752E-019	5,9241E-019	9,6971E-019	1,4004E-018	1,9042E-018	2,5865E-018	3,6257E-018	5,2292E-018	7,5953E-018	1,0910E-017	1,5448E-017	2,1787E-017	3,0928E-017	4,2904E-017	5,0096E-017	
80,00	2,5447E-021	5,1234E-020	2,3104E-019	6,3336E-019	1,2875E-018	2,1301E-018	3,0113E-018	3,7539E-018	4,2558E-018	4,5647E-018	4,8468E-018	5,2993E-018	6,0678E-018	7,2173E-018	8,7219E-018	1,0481E-017	1,2283E-017	1,3211E-017	
85,00	5,0328E-021	8,6078E-020	3,9454E-019	1,1050E-018	2,3171E-018	3,9973E-018	5,9486E-018	7,8215E-018	9,1939E-018	9,7535E-018	9,4832E-018	8,6105E-018	7,4402E-018	6,2590E-018	5,2471E-018	4,4914E-018	4,0456E-018	3,9004E-018	
90,00	9,2081E-021	1,2232E-019	5,6462E-019	1,6032E-018	3,4341E-018	6,1167E-018	9,5328E-018	1,3361E-017	1,7050E-017	1,9867E-017	2,1155E-017	2,0808E-017	1,9291E-017	1,7240E-017	1,5326E-017	1,4241E-017	1,4249E-017	1,4544E-017	
95,00	1,5354E-020	1,5241E-019	6,9561E-019	1,9890E-018	4,3101E-018	7,8146E-018	1,2512E-017	1,8259E-017	2,4726E-017	3,1307E-017	3,7021E-017	4,0691E-017	4,1818E-017	4,1209E-017	4,0240E-017	4,0428E-017	4,2401E-017	4,3878E-017	
100,00	2,3635E-020	1,8033E-019	7,5677E-019	2,1693E-018	4,7283E-018	8,6493E-018	1,4028E-017	2,0864E-017	2,9075E-017	3,8469E-017	4,8635E-017	5,8736E-017	6,7323E-017	7,3071E-017	7,6627E-017	8,0490E-017	8,5973E-017	8,9261E-017	

100
0,08726646	0,17453293	0,26179939	0,34906585	0,43633231	0,52359878	0,61086524	0,6981317	0,78539816	0,87266463	0,95993109	1,04719755	1,13446401	1,22173048	1,30899694	1,3962634	1,48352986	1,57079633	
05,00	0,0000E000	0,0000E000	0,0000E000	0,0000E000	0,0000E000	0,0000E000	0,0000E000	0,0000E000	0,0000E000	0,0000E000	0,0000E000	0,0000E000	0,0000E000	0,0000E000	0,0000E000	0,0000E000	0,0000E000	0,0000E000	
10,00	0,0000E000	0,0000E000	0,0000E000	0,0000E000	0,0000E000	0,0000E000	0,0000E000	0,0000E000	0,0000E000	0,0000E000	0,0000E000	0,0000E000	0,0000E000	0,0000E000	0,0000E000	0,0000E000	0,0000E000	0,0000E000	
15,00	3,7313E-036	8,8300E-033	8,8328E-031	2,2614E-029	2,6194E-028	1,8160E-027	8,6684E-027	3,1520E-026	9,2614E-026	2,2224E-025	5,2052E-025	8,0617E-025	1,7753E-024	3,5755E-024	3,1137E-024	4,1297E-024	9,1634E-024	3,4302E-023	
20,00	4,6801E-032	4,3035E-029	2,6096E-027	4,7388E-026	4,2631E-025	2,4111E-024	9,7656E-024	3,0763E-023	7,9753E-023	1,7596E-022	3,4267E-022	5,9467E-022	9,6299E-022	1,4715E-021	2,1620E-021	3,4799E-021	8,0425E-021	2,5127E-020	
25,00	1,5386E-029	5,5906E-027	1,9670E-025	2,4225E-024	1,6216E-023	7,2802E-023	2,4523E-022	6,6360E-022	1,5155E-021	3,0336E-021	5,4453E-021	8,8881E-021	1,3505E-020	1,9745E-020	2,9044E-020	4,7181E-020	1,0421E-019	2,5025E-019	
30,00	1,0609E-027	2,0765E-025	4,7926E-024	4,3853E-023	2,3716E-022	8,9980E-022	2,6325E-021	6,3520E-021	1,3254E-020	2,4639E-020	4,1709E-020	6,5270E-020	9,5695E-020	1,3518E-019	1,9362E-019	3,0796E-019	6,3543E-019	1,2585E-018	
35,00	3,0571E-026	3,2540E-024	5,7166E-023	4,2625E-022	1,9179E-021	6,2537E-021	1,6451E-020	3,6891E-020	7,2260E-020	1,2614E-019	2,0146E-019	3,0155E-019	4,3033E-019	5,9817E-019	8,4619E-019	1,3226E-018	2,5523E-018	4,3864E-018	
40,00	4,9077E-025	3,1958E-023	4,0199E-022	2,4967E-021	1,0212E-020	3,0971E-020	7,4536E-020	1,5068E-019	2,7059E-019	4,5052E-019	7,0722E-019	1,0474E-018	1,4740E-018	2,0232E-018	2,8340E-018	4,3482E-018	7,8268E-018	1,2000E-017	
45,00	4,0233E-024	2,2201E-022	2,2649E-021	1,1273E-020	3,8384E-020	1,0446E-019	2,4340E-019	4,9562E-019	8,8482E-019	1,3976E-018	2,0060E-018	2,7245E-018	3,6324E-018	4,8887E-018	6,8405E-018	1,0442E-017	1,8107E-017	2,6332E-017	
50,00	2,1351E-023	9,6797E-022	9,4039E-021	4,4095E-020	1,3554E-019	3,1803E-019	6,2993E-019	1,1363E-018	1,9515E-018	3,2125E-018	4,9935E-018	7,2282E-018	9,7739E-018	1,2720E-017	1,6773E-017	2,3823E-017	3,7153E-017	4,8842E-017	
55,00	1,0568E-022	2,9940E-021	2,6466E-020	1,2331E-019	3,8554E-019	9,0977E-019	1,7351E-018	2,8130E-018	4,0731E-018	5,5670E-018	7,5427E-018	1,0391E-017	1,4575E-017	2,0669E-017	2,9811E-017	4,5071E-017	7,2025E-017	9,4638E-017	
60,00	4,9281E-022	8,9749E-021	6,0140E-020	2,5050E-019	7,6876E-019	1,8722E-018	3,7728E-018	6,4732E-018	9,6619E-018	1,2777E-017	1,5304E-017	1,7153E-017	1,8664E-017	2,0453E-017	2,3456E-017	2,9175E-017	3,9281E-017	4,7136E-017	
65,00	1,9078E-021	2,9707E-020	1,4653E-019	4,7159E-019	1,2297E-018	2,7960E-018	5,6397E-018	1,0132E-017	1,6312E-017	2,3742E-017	3,1483E-017	3,8239E-017	4,3040E-017	4,6352E-017	5,0303E-017	5,8572E-017	7,4779E-017	8,7284E-017	
70,00	5,3818E-021	9,0645E-020	3,8469E-019	1,0096E-018	2,0888E-018	3,8685E-018	6,8088E-018	1,1510E-017	1,8477E-017	2,7918E-017	3,9670E-017	5,3221E-017	6,7867E-017	8,3085E-017	1,0007E-016	1,2431E-016	1,6264E-016	1,9034E-016	
75,00	1,2146E-020	2,2189E-019	8,8593E-019	2,1420E-018	3,9324E-018	6,1643E-018	8,9020E-018	1,2508E-017	1,7569E-017	2,4629E-017	3,4041E-017	4,5966E-017	6,0400E-017	7,7319E-017	9,7568E-017	1,2403E-016	1,5964E-016	1,8321E-016	
80,00	2,4206E-020	4,2852E-019	1,6344E-018	3,7896E-018	6,7028E-018	1,0036E-017	1,3382E-017	1,6409E-017	1,9130E-017	2,1984E-017	2,5564E-017	3,0423E-017	3,6824E-017	4,4511E-017	5,3034E-017	6,1822E-017	6,9860E-017	7,3761E-017	
85,00	4,6120E-020	6,7101E-019	2,4348E-018	5,3999E-018	9,3180E-018	1,3902E-017	1,8716E-017	2,3005E-017	2,5727E-017	2,6105E-017	2,4424E-017	2,1876E-017	1,9657E-017	1,8260E-017	1,7265E-017	1,5986E-017	1,4646E-017	1,4153E-017	
90,00	8,0195E-020	8,8882E-019	3,0574E-018	6,4553E-018	1,0804E-017	1,5969E-017	2,1747E-017	2,7631E-017	3,2598E-017	3,4950E-017	3,2843E-017	2,6552E-017	1,9114E-017	1,3261E-017	9,8098E-018	8,5935E-018	1,0351E-017	1,3148E-017	
95,00	1,2513E-019	1,0408E-018	3,4110E-018	6,9274E-018	1,1316E-017	1,6549E-017	2,2526E-017	2,8868E-017	3,4829E-017	3,9333E-017	4,1025E-017	3,8200E-017	3,0879E-017	2,3453E-017	1,9449E-017	1,9530E-017	2,5949E-017	3,4040E-017	
100,00	1,7709E-019	1,1353E-018	3,5363E-018	7,0576E-018	1,1424E-017	1,6671E-017	2,2759E-017	2,9387E-017	3,5882E-017	4,1201E-017	4,4293E-017	4,4915E-017	4,3644E-017	4,1255E-017	4,0008E-017	4,2598E-017	5,4178E-017	6,8400E-017	

1000
0,08726646	0,17453293	0,26179939	0,34906585	0,43633231	0,52359878	0,61086524	0,6981317	0,78539816	0,87266463	0,95993109	1,04719755	1,13446401	1,22173048	1,30899694	1,3962634	1,48352986	1,57079633	
05,00	0,0000E000	0,0000E000	0,0000E000	0,0000E000	0,0000E000	0,0000E000	0,0000E000	0,0000E000	0,0000E000	0,0000E000	0,0000E000	0,0000E000	0,0000E000	0,0000E000	0,0000E000	0,0000E000	0,0000E000	0,0000E000	
10,00	0,0000E000	0,0000E000	0,0000E000	0,0000E000	0,0000E000	0,0000E000	0,0000E000	0,0000E000	0,0000E000	0,0000E000	0,0000E000	0,0000E000	0,0000E000	0,0000E000	0,0000E000	0,0000E000	0,0000E000	0,0000E000	
15,00	3,9772E-035	8,8326E-032	8,8325E-030	2,2614E-028	2,6194E-027	1,8160E-026	8,6684E-026	3,1520E-025	9,2615E-025	2,2224E-024	5,2053E-024	8,0619E-024	1,7754E-023	3,5758E-023	3,1138E-023	4,1298E-023	9,1635E-023	3,4303E-022	
20,00	4,6843E-031	4,3035E-028	2,6096E-026	4,7388E-025	4,2630E-024	2,4110E-023	9,7656E-023	3,0762E-022	7,9750E-022	1,7595E-021	3,4264E-021	5,9461E-021	9,6285E-021	1,4712E-020	2,1616E-020	3,4791E-020	8,0406E-020	2,5121E-019	
25,00	1,5386E-028	5,5906E-026	1,9670E-024	2,4225E-023	1,6215E-022	7,2797E-022	2,4520E-021	6,6343E-021	1,5149E-020	3,0316E-020	5,4402E-020	8,8770E-020	1,3485E-019	1,9711E-019	2,8986E-019	4,7074E-019	1,0396E-018	2,4967E-018	
30,00	1,0609E-026	2,0765E-024	4,7925E-023	4,3848E-022	2,3709E-021	8,9922E-021	2,6293E-020	6,3387E-020	1,3211E-019	2,4526E-019	4,1450E-019	6,4753E-019	9,4788E-019	1,3372E-018	1,9128E-018	3,0387E-018	6,2656E-018	1,2413E-017	
35,00	3,0571E-025	3,2538E-023	5,7152E-022	4,2592E-021	1,9141E-020	6,2287E-020	1,6339E-019	3,6507E-019	7,1173E-019	1,2353E-018	1,9609E-018	2,9187E-018	4,1431E-018	5,7279E-018	8,0562E-018	1,2519E-017	2,4072E-017	4,1387E-017	
40,00	4,9076E-024	3,1943E-022	4,0128E-021	2,4862E-020	1,0126E-019	3,0494E-019	7,2583E-019	1,4467E-018	2,5612E-018	4,2125E-018	6,5344E-018	9,5277E-018	1,3120E-017	1,7542E-017	2,3900E-017	3,5745E-017	6,3357E-017	9,7165E-017	
45,00	4,0226E-023	2,2160E-021	2,2477E-020	1,1061E-019	3,7098E-019	9,9272E-019	2,2662E-018	4,4799E-018	7,6699E-018	1,1506E-017	1,5663E-017	2,0346E-017	2,6279E-017	3,4587E-017	4,7457E-017	7,1187E-017	1,2312E-016	1,8117E-016	
50,00	2,1320E-022	9,6271E-021	9,2150E-020	4,1839E-019	1,2238E-018	2,7139E-018	5,1296E-018	8,9648E-018	1,4904E-017	2,3227E-017	3,3205E-017	4,3154E-017	5,1447E-017	5,8257E-017	6,6783E-017	8,4809E-017	1,2846E-016	1,7562E-016	
55,00	1,0469E-021	2,9312E-020	2,5249E-019	1,1092E-018	3,1404E-018	6,5089E-018	1,0852E-017	1,5776E-017	2,1495E-017	2,9008E-017	3,9348E-017	5,2706E-017	6,8457E-017	8,6105E-017	1,0776E-016	1,4372E-016	2,1993E-016	2,9926E-016	
60,00	4,8045E-021	8,2433E-020	5,3144E-019	2,0603E-018	5,5217E-018	1,1060E-017	1,7840E-017	2,4791E-017	3,0986E-017	3,5714E-017	3,9285E-017	4,3486E-017	5,0087E-017	5,9989E-017	7,3963E-017	9,4700E-017	1,2895E-016	1,6066E-016	
65,00	1,7989E-020	2,3755E-019	1,0624E-018	3,1769E-018	7,3746E-018	1,3733E-017	2,1315E-017	2,9108E-017	3,6326E-017	4,1783E-017	4,4047E-017	4,2655E-017	3,9145E-017	3,6197E-017	3,6057E-017	4,1038E-017	6,0980E-017	9,7050E-017	
70,00	4,8244E-020	5,8266E-019	2,0041E-018	4,6342E-018	8,8423E-018	1,4731E-017	2,1821E-017	2,9542E-017	3,7475E-017	4,4609E-017	4,9117E-017	4,9674E-017	4,7438E-017	4,6417E-017	5,0743E-017	6,4434E-017	1,0503E-016	1,7487E-016	
75,00	9,9112E-020	1,0790E-018	3,1241E-018	6,1927E-018	1,0233E-017	1,5211E-017	2,1075E-017	2,7932E-017	3,6166E-017	4,5795E-017	5,5696E-017	6,4154E-017	7,1015E-017	7,8108E-017	8,8120E-017	1,0389E-016	1,3363E-016	1,7602E-016	
80,00	1,6783E-019	1,5162E-018	3,8438E-018	7,0516E-018	1,0980E-017	1,5272E-017	1,9520E-017	2,3954E-017	3,0067E-017	3,9601E-017	5,2286E-017	6,5582E-017	7,8334E-017	9,1820E-017	1,0671E-016	1,2179E-016	1,3327E-016	1,3805E-016	
85,00	2,5662E-019	1,7323E-018	4,0407E-018	7,1960E-018	1,0989E-017	1,4766E-017	1,7481E-017	1,8686E-017	2,0145E-017	2,5550E-017	3,6392E-017	4,8339E-017	5,7174E-017	6,3389E-017	6,7006E-017	6,6443E-017	6,1684E-017	5,8280E-017	
90,00	3,4441E-019	1,7877E-018	4,0588E-018	7,1951E-018	1,0929E-017	1,4418E-017	1,6123E-017	1,4827E-017	1,1788E-017	1,0970E-017	1,5865E-017	2,3769E-017	2,7055E-017	2,5568E-017	2,1375E-017	1,5598E-017	1,1905E-017	1,2310E-017	
95,00	4,0521E-019	1,7959E-018	4,0605E-018	7,2065E-018	1,0983E-017	1,4561E-017	1,6278E-017	1,4464E-017	9,7808E-018	5,6290E-018	4,6065E-018	7,4830E-018	1,0320E-017	9,2323E-018	6,7941E-018	4,2078E-018	5,7900E-018	1,1408E-017	
100,00	4,3503E-019	1,7967E-018	4,0626E-018	7,2293E-018	1,1116E-017	1,5076E-017	1,7681E-017	1,7180E-017	1,3483E-017	9,2924E-018	6,9830E-018	6,4756E-018	7,8187E-018	9,7161E-018	9,6590E-018	7,1845E-018	9,8862E-018	1,9161E-017	

10000
0,08726646	0,17453293	0,26179939	0,34906585	0,43633231	0,52359878	0,61086524	0,6981317	0,78539816	0,87266463	0,95993109	1,04719755	1,13446401	1,22173048	1,30899694	1,3962634	1,48352986	1,57079633	
05,00	0,0000E000	0,0000E000	0,0000E000	0,0000E000	0,0000E000	0,0000E000	0,0000E000	0,0000E000	0,0000E000	0,0000E000	0,0000E000	0,0000E000	0,0000E000	0,0000E000	0,0000E000	0,0000E000	0,0000E000	0,0000E000	
10,00	0,0000E000	0,0000E000	0,0000E000	0,0000E000	0,0000E000	0,0000E000	0,0000E000	0,0000E000	0,0000E000	0,0000E000	0,0000E000	0,0000E000	0,0000E000	0,0000E000	0,0000E000	0,0000E000	0,0000E000	0,0000E000	
15,00	3,8734E-034	8,8318E-031	8,8325E-029	2,2614E-027	2,6194E-026	1,8160E-025	8,6684E-025	3,1520E-024	9,2618E-024	2,2226E-023	5,2063E-023	8,0635E-023	1,7766E-022	3,5793E-022	3,1150E-022	4,1307E-022	9,1651E-022	3,4315E-021	
20,00	4,6825E-030	4,3035E-027	2,6096E-025	4,7387E-024	4,2630E-023	2,4110E-022	9,7648E-022	3,0757E-021	7,9726E-021	1,7586E-020	3,4239E-020	5,9399E-020	9,6151E-020	1,4687E-019	2,1573E-019	3,4713E-019	8,0217E-019	2,5067E-018	
25,00	1,5386E-027	5,5906E-025	1,9670E-023	2,4223E-022	1,6211E-021	7,2747E-021	2,4485E-020	6,6170E-020	1,5083E-019	3,0117E-019	5,3893E-019	8,7681E-019	1,3285E-018	1,9372E-018	2,8417E-018	4,6038E-018	1,0153E-017	2,4407E-017	
30,00	1,0609E-025	2,0764E-023	4,7910E-022	4,3798E-021	2,3639E-020	8,9345E-020	2,5975E-019	6,2109E-019	1,2809E-018	2,3474E-018	3,9076E-018	6,0085E-018	8,6675E-018	1,2072E-017	1,7073E-017	2,6855E-017	5,5107E-017	1,0968E-016	
35,00	3,0569E-024	3,2519E-022	5,7014E-021	4,2266E-020	1,8776E-019	5,9949E-019	1,5337E-018	3,3219E-018	6,2168E-018	1,0261E-017	1,5496E-017	2,2131E-017	3,0309E-017	4,0373E-017	5,4544E-017	8,1578E-017	1,5402E-016	2,6869E-016	
40,00	4,9057E-023	3,1793E-021	3,9444E-020	2,3910E-019	9,3869E-019	2,6546E-018	5,7718E-018	1,0428E-017	1,7019E-017	2,6076E-017	3,6963E-017	4,7610E-017	5,6690E-017	6,6016E-017	8,0961E-017	1,1401E-016	2,0657E-016	3,5049E-016	
45,00	4,0148E-022	2,1768E-020	2,0958E-019	9,4715E-019	2,8935E-018	6,9595E-018	1,3607E-017	2,1786E-017	2,9706E-017	3,6718E-017	4,4151E-017	5,4237E-017	6,7633E-017	8,3276E-017	1,0210E-016	1,3640E-016	2,3646E-016	4,0766E-016	
50,00	2,1028E-021	9,1484E-020	7,7035E-019	2,8024E-018	6,4669E-018	1,1863E-017	1,9075E-017	2,7349E-017	3,5083E-017	4,0582E-017	4,1844E-017	3,8907E-017	3,7438E-017	4,5027E-017	6,2791E-017	9,1166E-017	1,5037E-016	2,6846E-016	
55,00	9,7137E-021	2,5358E-019	1,7671E-018	5,3121E-018	1,0074E-017	1,5330E-017	2,0540E-017	2,5117E-017	2,9340E-017	3,4536E-017	4,0295E-017	4,3870E-017	4,4470E-017	4,5066E-017	4,9645E-017	6,3503E-017	1,0800E-016	2,4780E-016	
60,00	3,9669E-020	5,5968E-019	2,7876E-018	6,7799E-018	1,1250E-017	1,5895E-017	1,9722E-017	2,0690E-017	1,8236E-017	1,6524E-017	2,1454E-017	3,4708E-017	5,4158E-017	7,6584E-017	9,8722E-017	1,2378E-016	1,6300E-016	2,1148E-016	
65,00	1,2046E-019	1,0416E-018	3,5228E-018	7,1356E-018	1,1185E-017	1,5579E-017	1,9248E-017	1,9612E-017	1,4648E-017	7,5869E-018	3,9938E-018	5,5200E-018	1,6520E-017	3,9587E-017	6,2099E-017	7,6239E-017	8,7310E-017	1,1197E-016	
70,00	2,5092E-019	1,5371E-018	3,9259E-018	7,0870E-018	1,0665E-017	1,4400E-017	1,8032E-017	2,0298E-017	1,8828E-017	1,4099E-017	1,0171E-017	8,4850E-018	8,4360E-018	1,0427E-017	1,6602E-017	2,3424E-017	3,0157E-017	6,1657E-017	
75,00	3,7060E-019	1,7667E-018	4,0130E-018	6,8653E-018	9,5917E-018	1,1572E-017	1,3647E-017	1,6939E-017	2,0622E-017	2,3057E-017	2,4654E-017	2,6885E-017	3,0329E-017	3,5857E-017	4,3979E-017	5,1284E-017	5,0939E-017	5,1346E-017	
80,00	4,2499E-019	1,7935E-018	3,9880E-018	6,5773E-018	8,1952E-018	7,7407E-018	6,9989E-018	8,4257E-018	1,3380E-017	2,2395E-017	3,4456E-017	4,8328E-017	6,2769E-017	7,6667E-017	9,1958E-017	1,0368E-016	1,0085E-016	9,3859E-017	
85,00	4,4330E-019	1,7930E-018	3,9654E-018	6,3511E-018	7,0575E-018	4,7295E-018	2,2391E-018	1,6926E-018	3,0540E-018	9,1560E-018	2,4853E-017	4,9116E-017	7,6002E-017	9,5657E-017	1,0951E-016	1,1611E-016	1,0883E-016	1,0075E-016	
90,00	4,4738E-019	1,7929E-018	3,9603E-018	6,2840E-018	6,6465E-018	3,6082E-018	8,3366E-019	1,9933E-019	1,6013E-019	6,3124E-019	5,4314E-018	2,4660E-017	5,3528E-017	6,8505E-017	6,8624E-017	6,0622E-017	4,6461E-017	4,0271E-017	
95,00	4,4755E-019	1,7932E-018	3,9728E-018	6,3890E-018	7,0323E-018	4,2395E-018	1,3430E-018	5,0017E-019	3,0527E-019	2,5501E-019	2,8668E-019	2,9855E-018	1,8177E-017	2,7299E-017	2,1253E-017	1,3545E-017	6,5967E-018	7,8652E-018	
100,00	4,4753E-019	1,7933E-018	3,9935E-018	6,5992E-018	7,9727E-018	6,1951E-018	3,2860E-018	1,9019E-018	1,4014E-018	1,2376E-018	1,2445E-018	1,3238E-018	2,1636E-018	5,0184E-018	3,3674E-018	2,7817E-018	1,1953E-018	6,3013E-018	

100000
0,08726646	0,17453293	0,26179939	0,34906585	0,43633231	0,52359878	0,61086524	0,6981317	0,78539816	0,87266463	0,95993109	1,04719755	1,13446401	1,22173048	1,30899694	1,3962634	1,48352986	1,57079633	
05,00	0,0000E000	0,0000E000	0,0000E000	0,0000E000	0,0000E000	0,0000E000	0,0000E000	0,0000E000	0,0000E000	0,0000E000	0,0000E000	0,0000E000	0,0000E000	0,0000E000	0,0000E000	0,0000E000	0,0000E000	0,0000E000	
10,00	0,0000E000	0,0000E000	0,0000E000	0,0000E000	0,0000E000	0,0000E000	0,0000E000	0,0000E000	0,0000E000	0,0000E000	0,0000E000	0,0000E000	0,0000E000	0,0000E000	0,0000E000	0,0000E000	0,0000E000	0,0000E000	
15,00	3,8682E-033	8,8318E-030	8,8325E-028	2,2614E-026	2,6194E-025	1,8160E-024	8,6687E-024	3,1524E-023	9,2649E-023	2,2243E-022	5,2165E-022	8,0793E-022	1,7881E-021	3,6150E-021	3,1270E-021	4,1399E-021	9,1810E-021	3,4434E-020	
20,00	4,6824E-029	4,3035E-026	2,6096E-024	4,7386E-023	4,2626E-022	2,4102E-021	9,7571E-021	3,0707E-020	7,9485E-020	1,7498E-019	3,3988E-019	5,8789E-019	9,4843E-019	1,4441E-018	2,1153E-018	3,3963E-018	7,8396E-018	2,4538E-017	
25,00	1,5386E-026	5,5905E-024	1,9667E-022	2,4203E-021	1,6168E-020	7,2261E-020	2,4145E-019	6,4520E-019	1,4478E-018	2,8322E-018	4,9456E-018	7,8430E-018	1,1607E-017	1,6562E-017	2,3784E-017	3,7809E-017	8,2688E-017	2,0130E-016	
30,00	1,0608E-024	2,0755E-022	4,7769E-021	4,3321E-020	2,2983E-019	8,4227E-019	2,3318E-018	5,2285E-018	1,0006E-017	1,6757E-017	2,5154E-017	3,4976E-017	4,6171E-017	5,9372E-017	7,8238E-017	1,1672E-016	2,3908E-016	5,1532E-016	
35,00	3,0551E-023	3,2338E-021	5,5724E-020	3,9422E-019	1,5996E-018	4,5215E-018	1,0021E-017	1,7985E-017	2,6852E-017	3,5819E-017	4,4917E-017	5,2594E-017	5,7117E-017	6,0966E-017	7,2250E-017	1,0600E-016	2,2701E-016	5,5498E-016	
40,00	4,8873E-022	3,0457E-020	3,4668E-019	1,8382E-018	5,7072E-018	1,1745E-017	1,8818E-017	2,5955E-017	3,1651E-017	3,4213E-017	3,1774E-017	2,6161E-017	2,5597E-017	3,3987E-017	4,9422E-017	7,8196E-017	1,6430E-016	4,3054E-016	
45,00	3,9413E-021	1,8734E-019	1,3554E-018	4,5253E-018	9,8699E-018	1,5666E-017	2,0391E-017	2,2365E-017	1,9855E-017	1,6290E-017	1,6203E-017	1,6194E-017	1,4556E-017	1,5398E-017	2,1505E-017	3,5540E-017	7,2156E-017	2,4943E-016	
50,00	1,9092E-020	6,3539E-019	3,0210E-018	6,7207E-018	1,0873E-017	1,4470E-017	1,6671E-017	1,6714E-017	1,2293E-017	5,0299E-018	1,5064E-018	1,4139E-018	4,0634E-018	1,2638E-017	3,1377E-017	6,5566E-017	1,2785E-016	2,3431E-016	
55,00	7,0734E-020	1,2376E-018	3,9424E-018	7,1276E-018	1,0324E-017	1,1526E-017	9,4329E-018	7,3009E-018	6,4244E-018	4,6154E-018	2,6566E-018	2,6092E-018	4,6761E-018	8,7242E-018	1,4294E-017	2,2250E-017	3,3884E-017	6,5105E-017	
60,00	1,9233E-019	1,6369E-018	4,0367E-018	6,9965E-018	9,6917E-018	9,2649E-018	4,3208E-018	9,5260E-019	4,2488E-019	6,5836E-019	1,5574E-018	3,8900E-018	1,0610E-017	2,5398E-017	4,8278E-017	7,5875E-017	9,7445E-017	1,1020E-016	
65,00	3,4811E-019	1,7734E-018	3,9771E-018	6,6084E-018	8,6917E-018	8,1176E-018	3,5686E-018	5,0489E-019	8,8361E-020	4,9027E-020	7,5067E-020	3,5136E-019	4,1903E-018	2,2572E-017	5,8521E-017	1,0188E-016	1,2945E-016	1,4762E-016	
70,00	4,3510E-019	1,7857E-018	3,8294E-018	5,6662E-018	6,3917E-018	5,9306E-018	3,5156E-018	1,0005E-018	3,3464E-019	3,6671E-019	8,1850E-019	1,2368E-018	1,6940E-018	2,5958E-018	8,5283E-018	2,2316E-017	3,1367E-017	4,7728E-017	
75,00	4,4735E-019	1,7752E-018	3,5896E-018	4,2028E-018	3,1845E-018	2,3621E-018	1,8323E-018	1,0877E-018	6,3173E-019	9,6375E-019	3,0783E-018	7,0218E-018	1,0628E-017	1,4414E-017	1,8065E-017	1,8423E-017	1,5937E-017	1,5054E-017	
80,00	4,4746E-019	1,7633E-018	3,3239E-018	2,7566E-018	9,1660E-019	2,9663E-019	1,9752E-019	2,6856E-019	4,8640E-019	1,4094E-018	6,1038E-018	1,7457E-017	3,0473E-017	4,3694E-017	5,3861E-017	5,4932E-017	4,8049E-017	4,3647E-017	
85,00	4,4736E-019	1,7551E-018	3,1368E-018	1,8734E-018	1,7636E-019	9,5997E-021	1,3554E-021	1,6441E-021	2,8749E-020	5,5097E-019	6,4388E-018	2,6067E-017	5,2428E-017	7,9943E-017	9,7925E-017	9,9112E-017	8,6452E-017	7,7945E-017	
90,00	4,4722E-019	1,7535E-018	3,0975E-018	1,6872E-018	1,2102E-019	2,3828E-020	1,4447E-020	1,0471E-020	8,8312E-021	9,4252E-021	1,1217E-018	1,6543E-017	4,9168E-017	8,5317E-017	1,0419E-016	1,0300E-016	8,6617E-017	7,5943E-017	
95,00	4,4705E-019	1,7571E-018	3,2014E-018	2,0898E-018	3,7024E-019	1,0721E-019	7,0817E-020	6,5111E-020	6,5180E-020	6,0712E-020	4,1681E-020	1,3459E-018	1,7371E-017	4,9927E-017	6,3038E-017	5,3201E-017	3,2176E-017	2,3808E-017	
100,00	4,4682E-019	1,7579E-018	3,3785E-018	2,9240E-018	1,0758E-018	4,7442E-019	3,0965E-019	2,5987E-019	2,3764E-019	2,1111E-019	1,4747E-019	5,3667E-020	6,6337E-019	1,0811E-017	1,8106E-017	1,3865E-017	3,6587E-018	2,3216E-018	

1000000
0,08726646	0,17453293	0,26179939	0,34906585	0,43633231	0,52359878	0,61086524	0,6981317	0,78539816	0,87266463	0,95993109	1,04719755	1,13446401	1,22173048	1,30899694	1,3962634	1,48352986	1,57079633	
05,00	0,0000E000	0,0000E000	0,0000E000	0,0000E000	0,0000E000	0,0000E000	0,0000E000	0,0000E000	0,0000E000	0,0000E000	0,0000E000	0,0000E000	0,0000E000	0,0000E000	0,0000E000	0,0000E000	0,0000E000	0,0000E000	
10,00	0,0000E000	0,0000E000	0,0000E000	0,0000E000	0,0000E000	0,0000E000	0,0000E000	0,0000E000	0,0000E000	0,0000E000	0,0000E000	0,0000E000	0,0000E000	0,0000E000	0,0000E000	0,0000E000	0,0000E000	0,0000E000	
15,00	3,8684E-032	8,8318E-029	8,8325E-027	2,2614E-025	2,6194E-024	1,8161E-023	8,6712E-023	3,1561E-022	9,2966E-022	2,2422E-021	5,3271E-021	8,2586E-021	1,9227E-020	4,0362E-020	3,2858E-020	4,2737E-020	9,4263E-020	3,6098E-019	
20,00	4,6824E-028	4,3035E-025	2,6095E-023	4,7374E-022	4,2581E-021	2,4025E-020	9,6814E-020	3,0220E-019	7,7220E-019	1,6702E-018	3,1765E-018	5,3555E-018	8,4063E-018	1,2479E-017	1,7869E-017	2,8166E-017	6,4468E-017	2,0538E-016	
25,00	1,5386E-025	5,5893E-023	1,9633E-021	2,4014E-020	1,5768E-019	6,8059E-019	2,1475E-018	5,2852E-018	1,0690E-017	1,8453E-017	2,7982E-017	3,8453E-017	4,9449E-017	6,1591E-017	7,8404E-017	1,1460E-016	2,5200E-016	7,3627E-016	
30,00	1,0606E-023	2,0669E-021	4,6466E-020	3,9576E-019	1,8758E-018	5,7123E-018	1,2440E-017	2,1385E-017	2,9974E-017	3,5782E-017	3,8020E-017	3,6291E-017	3,1476E-017	2,8552E-017	3,1390E-017	4,3620E-017	1,1181E-016	6,1309E-016	
35,00	3,0372E-022	3,0816E-020	4,7142E-019	2,5564E-018	7,3083E-018	1,4096E-017	2,0163E-017	2,3035E-017	2,1177E-017	1,6823E-017	1,1032E-017	4,3878E-018	2,0470E-018	2,5138E-018	3,5659E-018	6,2838E-018	2,6331E-017	3,0542E-016	
40,00	4,7188E-021	2,3585E-019	1,9346E-018	6,1163E-018	1,0833E-017	1,4360E-017	1,4709E-017	1,1929E-017	6,9974E-018	1,6601E-018	2,5261E-019	2,1661E-019	2,2372E-019	2,1508E-019	3,7975E-019	1,3528E-018	9,5375E-018	1,1560E-016	
45,00	3,4450E-020	9,0818E-019	3,5919E-018	7,0369E-018	1,0021E-017	1,0896E-017	6,9821E-018	1,8184E-018	4,7049E-019	1,6942E-019	2,1681E-020	1,5909E-021	9,9176E-022	8,3415E-021	1,5597E-019	1,4860E-018	6,6935E-018	2,8371E-017	
50,00	1,2863E-019	1,6312E-018	4,0081E-018	6,5587E-018	7,3266E-018	5,4716E-018	2,5446E-018	2,5938E-019	8,8431E-022	8,3895E-025	1,9200E-025	2,5918E-023	4,5204E-022	2,3129E-020	4,3245E-019	4,0502E-018	1,8536E-017	5,3645E-017	
55,00	2,8431E-019	1,7905E-018	3,9471E-018	5,8097E-018	4,0359E-018	9,8144E-019	1,8592E-019	2,5202E-020	3,9218E-022	6,0195E-025	1,6738E-026	6,5136E-025	1,4100E-021	2,5766E-019	2,2461E-018	4,9451E-018	7,2976E-018	1,4398E-017	
60,00	4,1352E-019	1,7845E-018	3,7824E-018	4,9519E-018	2,2271E-018	6,7449E-020	2,2249E-022	1,4910E-024	2,0167E-025	5,6321E-026	1,1725E-024	1,4394E-024	3,6623E-021	9,0781E-019	9,7800E-018	2,4373E-017	3,3057E-017	3,6705E-017	
65,00	4,4642E-019	1,7550E-018	3,3254E-018	3,5563E-018	1,3544E-018	2,3273E-020	2,0109E-024	4,1765E-029	2,1664E-031	6,5092E-029	2,4295E-023	1,8207E-020	5,3660E-020	1,2206E-018	1,6545E-017	4,5948E-017	6,7400E-017	7,9506E-017	
70,00	4,4716E-019	1,6899E-018	2,4527E-018	1,6267E-018	4,8993E-019	1,4462E-020	3,7801E-024	1,1863E-028	8,2548E-031	6,2215E-028	2,6760E-022	8,8254E-020	3,3197E-019	5,1044E-019	3,0325E-018	1,5004E-017	3,1632E-017	4,6860E-017	
75,00	4,4676E-019	1,5911E-018	1,4182E-018	3,1971E-019	3,6916E-020	1,4904E-021	2,0637E-024	1,6971E-028	1,6373E-030	1,7403E-027	1,1600E-021	8,5126E-019	3,0966E-018	4,0792E-018	3,8128E-018	3,2846E-018	3,4298E-018	3,6171E-018	
80,00	4,4616E-019	1,4871E-018	6,6374E-019	1,7959E-020	1,0466E-022	5,9740E-025	1,1243E-026	3,3600E-029	1,4619E-030	2,7301E-027	2,4925E-021	2,5278E-018	1,1557E-017	1,7128E-017	1,7812E-017	1,7387E-017	1,8099E-017	1,8132E-017	
85,00	4,4516E-019	1,4178E-018	3,3461E-019	1,3041E-021	4,5465E-023	2,2136E-025	1,9844E-029	2,4630E-033	7,6571E-032	1,1776E-027	3,0951E-021	4,4426E-018	2,3766E-017	3,8594E-017	4,5067E-017	4,6276E-017	4,5789E-017	4,4185E-017	
90,00	4,4379E-019	1,4056E-018	3,0688E-019	4,6847E-021	9,9320E-022	9,5960E-022	7,5299E-022	3,7716E-022	1,8758E-022	3,9838E-023	6,3509E-022	4,0693E-018	3,0227E-017	5,5151E-017	7,3011E-017	7,8664E-017	7,4397E-017	6,9300E-017	
95,00	4,4210E-019	1,4397E-018	4,8750E-019	2,3603E-020	3,0372E-021	4,4152E-021	1,5726E-020	1,4383E-020	5,7884E-021	5,5218E-022	1,8606E-024	4,3345E-019	1,3588E-017	4,0811E-017	7,1025E-017	8,0118E-017	6,6807E-017	5,6140E-017	
100,00	4,3986E-019	1,4660E-018	8,2103E-019	9,2694E-020	1,7694E-020	1,5692E-020	4,3461E-020	4,0998E-020	1,5335E-020	1,4569E-021	5,3717E-024	1,6725E-029	4,8397E-019	9,8910E-018	3,3539E-017	3,6710E-017	2,0564E-017	1,3080E-017	

10000000
0,08726646	0,17453293	0,26179939	0,34906585	0,43633231	0,52359878	0,61086524	0,6981317	0,78539816	0,87266463	0,95993109	1,04719755	1,13446401	1,22173048	1,30899694	1,3962634	1,48352986	1,57079633	
05,00	0,0000E000	0,0000E000	0,0000E000	0,0000E000	0,0000E000	0,0000E000	0,0000E000	0,0000E000	0,0000E000	0,0000E000	0,0000E000	0,0000E000	0,0000E000	0,0000E000	0,0000E000	0,0000E000	0,0000E000	0,0000E000	
10,00	0,0000E000	0,0000E000	0,0000E000	0,0000E000	0,0000E000	0,0000E000	0,0000E000	0,0000E000	0,0000E000	0,0000E000	0,0000E000	0,0000E000	0,0000E000	0,0000E000	0,0000E000	1,8422E-021	4,4023E-021	0,0000E000	
15,00	3,8683E-031	8,8318E-028	8,8325E-026	2,2614E-024	2,6194E-023	1,8170E-022	8,6976E-022	3,1972E-021	9,7056E-021	2,5285E-020	7,6953E-020	1,4829E-019	1,0122E-018	3,7089E-018	5,2973E-018	1,7716E-017	4,0263E-017	9,5741E-017	
20,00	4,6824E-027	4,3034E-024	2,6084E-022	4,7256E-021	4,2149E-020	2,3316E-019	9,0437E-019	2,6559E-018	6,2311E-018	1,2104E-017	2,0359E-017	2,9916E-017	4,0942E-017	5,3057E-017	6,7725E-017	9,8835E-017	2,2237E-016	8,4649E-016	
25,00	1,5385E-024	5,5777E-022	1,9316E-020	2,2454E-019	1,3186E-018	4,7339E-018	1,1477E-017	2,0601E-017	2,8904E-017	3,3159E-017	3,1837E-017	2,6382E-017	2,0124E-017	1,4318E-017	1,0659E-017	1,1909E-017	3,5226E-017	6,5219E-016	
30,00	1,0583E-022	1,9895E-020	3,8579E-019	2,4998E-018	7,7590E-018	1,4393E-017	1,8827E-017	1,8436E-017	1,2817E-017	6,5694E-018	2,1575E-018	3,3272E-019	1,2490E-019	3,2661E-020	4,5100E-021	1,6836E-021	3,4577E-020	1,4421E-016	
35,00	2,8848E-021	2,4020E-019	2,2433E-018	6,4771E-018	1,0515E-017	1,2068E-017	9,0556E-018	3,2999E-018	7,7501E-019	5,1306E-020	1,7254E-022	8,2059E-024	2,8496E-024	5,8233E-026	3,2828E-027	7,3718E-027	1,6764E-023	8,5447E-018	
40,00	3,7567E-020	1,0145E-018	3,9043E-018	6,8008E-018	7,9702E-018	4,6255E-018	1,2944E-018	9,5730E-020	1,2504E-022	2,7540E-026	2,4609E-028	1,2761E-030	3,4468E-032	2,0296E-032	4,5939E-032	7,6888E-028	7,6159E-024	1,6205E-019	
45,00	1,8629E-019	1,7155E-018	3,9059E-018	5,4800E-018	4,0807E-018	6,6742E-019	5,5300E-021	1,2318E-023	8,1736E-027	1,7772E-032	4,2953E-032	2,9011E-032	6,8011E-033	2,4826E-032	3,5881E-032	2,1915E-026	2,2134E-022	3,7218E-020	
50,00	3,8126E-019	1,7853E-018	3,5685E-018	2,9656E-018	7,6706E-019	3,5768E-020	4,6850E-024	8,9762E-033	4,7210E-032	1,8250E-032	4,9984E-032	1,9138E-032	2,7616E-033	2,3055E-029	3,4430E-022	1,3025E-020	2,2990E-020	8,4145E-020	
55,00	4,4443E-019	1,7623E-018	3,0551E-018	9,8716E-019	1,4483E-020	1,6179E-023	3,4571E-028	6,7619E-033	3,0186E-032	2,0513E-032	4,4940E-032	7,1770E-033	4,0301E-033	4,4871E-028	5,9834E-021	1,7975E-019	2,5140E-019	2,7439E-019	
60,00	4,4703E-019	1,6819E-018	2,3005E-018	2,9642E-019	1,8160E-023	4,7281E-032	5,1047E-033	1,7791E-033	3,0470E-032	2,0564E-032	2,3010E-032	9,3323E-033	5,8155E-033	1,6446E-027	2,9525E-020	1,1758E-018	2,1530E-018	2,5974E-018	
65,00	4,4573E-019	1,4597E-018	1,2130E-018	7,9388E-020	1,6845E-025	2,4419E-032	4,2100E-033	3,2653E-033	3,2531E-032	2,0790E-032	1,0424E-032	1,3712E-023	2,1175E-021	4,7156E-022	5,5409E-020	2,5640E-018	5,2336E-018	6,6656E-018	
70,00	4,4320E-019	1,0671E-018	2,9246E-019	5,3929E-021	1,1021E-026	1,4162E-032	3,8246E-033	3,8753E-033	4,3962E-032	9,4387E-033	9,4659E-033	5,8190E-023	2,8651E-020	2,6809E-020	4,8589E-020	1,3469E-018	4,1280E-018	6,1753E-018	
75,00	4,3928E-019	6,2820E-019	1,7251E-020	7,0144E-024	1,3911E-030	2,1245E-032	5,2216E-033	4,7616E-033	5,3212E-032	6,0173E-033	1,0966E-032	6,5438E-022	2,3598E-019	1,3881E-019	1,8759E-019	4,2293E-019	6,5265E-019	7,6244E-019	
80,00	4,3348E-019	3,1596E-019	1,2012E-022	2,4357E-031	2,1341E-032	2,3197E-032	6,9208E-033	3,4460E-033	5,1928E-032	5,9822E-033	1,2615E-032	2,1000E-021	1,1427E-018	1,0336E-018	1,5451E-018	3,1360E-018	5,2418E-018	6,3631E-018	
85,00	4,2402E-019	1,7966E-019	8,0960E-024	3,8048E-029	2,4409E-032	2,2218E-032	5,3007E-033	2,4529E-033	4,3851E-032	7,6161E-033	1,6491E-032	3,9020E-021	2,6540E-018	3,0089E-018	5,8933E-018	1,3566E-017	2,0034E-017	2,2065E-017	
90,00	4,1125E-019	1,7046E-019	2,7591E-023	1,8719E-028	8,6679E-032	8,7176E-029	8,4992E-026	1,9127E-027	8,6407E-031	9,6942E-033	2,2147E-032	4,1836E-021	3,9769E-018	5,4685E-018	1,2608E-017	3,0960E-017	4,3168E-017	4,4980E-017	
95,00	3,9638E-019	2,3915E-019	1,7646E-022	7,2495E-028	1,8951E-031	4,2956E-028	1,8185E-022	1,6642E-023	6,7233E-028	9,4289E-033	2,4635E-032	6,4625E-022	2,5630E-018	6,2466E-018	1,8195E-017	4,7709E-017	6,2788E-017	6,1277E-017	
100,00	3,7884E-019	3,3466E-019	5,4697E-022	4,1842E-027	9,9487E-031	1,2852E-027	4,6961E-022	4,3024E-023	1,7022E-027	9,6674E-033	2,6897E-032	8,9415E-033	1,2738E-019	2,2988E-018	1,3153E-017	4,2059E-017	4,7753E-017	3,8626E-017	

100000000
0,08726646	0,17453293	0,26179939	0,34906585	0,43633231	0,52359878	0,61086524	0,6981317	0,78539816	0,87266463	0,95993109	1,04719755	1,13446401	1,22173048	1,30899694	1,3962634	1,48352986	1,57079633	
05,00	0,0000E000	0,0000E000	0,0000E000	0,0000E000	0,0000E000	0,0000E000	0,0000E000	0,0000E000	0,0000E000	6,3322E-019	3,4083E-018	6,6430E-018	8,4757E-018	5,5597E-018	5,4840E-018	7,4928E-018	2,0687E-017	9,5955E-017	
10,00	0,0000E000	0,0000E000	0,0000E000	0,0000E000	0,0000E000	0,0000E000	0,0000E000	0,0000E000	0,0000E000	5,0352E-018	1,9832E-017	3,6519E-017	4,5726E-017	2,9983E-017	2,9116E-017	3,9517E-017	1,0928E-016	5,4578E-016	
15,00	3,8683E-030	8,8318E-027	8,8323E-025	2,2612E-023	2,6202E-022	1,8287E-021	9,1356E-021	4,6004E-020	7,9168E-019	1,6890E-017	4,1843E-017	6,7145E-017	7,9806E-017	5,2273E-017	4,8468E-017	6,4438E-017	1,7909E-016	1,0932E-015	
20,00	4,6824E-026	4,3022E-023	2,5983E-021	4,6155E-020	3,8785E-019	1,9082E-018	6,1407E-018	1,4028E-017	2,4325E-017	3,3307E-017	3,6921E-017	3,4057E-017	2,8087E-017	1,7621E-017	1,1792E-017	1,2640E-017	3,6755E-017	8,7000E-016	
25,00	1,5376E-023	5,4694E-021	1,7170E-019	1,5731E-018	6,2356E-018	1,3442E-017	1,8458E-017	1,7389E-017	1,0947E-017	4,3760E-018	9,1410E-019	1,3666E-019	5,5247E-021	5,7393E-022	6,9188E-023	6,6234E-024	8,0438E-023	8,6935E-017	
30,00	1,0365E-021	1,5891E-019	1,9042E-018	6,3797E-018	1,0219E-017	1,0217E-017	5,6410E-018	1,0799E-018	6,5494E-020	4,3634E-022	6,3238E-026	4,5943E-029	1,4485E-032	2,4850E-032	8,2135E-032	4,5632E-032	6,9126E-032	1,9410E-020	
35,00	2,2555E-020	1,0320E-018	3,9171E-018	6,3741E-018	5,7908E-018	1,9078E-018	7,0596E-020	2,8471E-022	5,6045E-027	1,5269E-032	1,4802E-032	3,4759E-032	3,5016E-032	1,6054E-032	7,8472E-032	4,3188E-032	6,0931E-032	1,7565E-029	
40,00	1,7245E-019	1,7523E-018	3,7718E-018	4,1005E-018	8,8491E-019	1,7562E-020	3,7486E-024	4,2064E-033	7,2124E-032	1,5236E-032	2,4847E-032	2,9476E-032	3,4468E-032	2,0296E-032	4,5939E-032	2,8277E-032	3,5263E-032	3,6481E-032	
45,00	4,0402E-019	1,7625E-018	2,8643E-018	1,2716E-018	1,9803E-020	2,6902E-026	2,0001E-032	7,1459E-033	5,3484E-032	1,7243E-032	4,2953E-032	2,9011E-032	6,8011E-033	2,4826E-032	3,5881E-032	3,5700E-032	3,9759E-032	3,5513E-032	
50,00	4,4723E-019	1,6847E-018	1,3764E-018	5,8783E-020	1,4881E-023	4,8007E-032	2,2193E-032	8,9364E-033	4,7210E-032	1,8250E-032	4,9984E-032	1,9138E-032	2,7616E-033	2,0150E-032	3,2815E-032	5,5364E-028	1,6082E-026	1,9408E-026	
55,00	4,4633E-019	1,5128E-018	3,9619E-019	4,7742E-023	2,5363E-032	4,4273E-032	1,5060E-032	6,7619E-033	3,0186E-032	2,0513E-032	4,4940E-032	7,1770E-033	4,0301E-033	1,1352E-032	3,1251E-032	6,8987E-027	1,5847E-025	1,7575E-025	
60,00	4,4206E-019	1,1274E-018	8,2889E-020	3,8117E-028	2,6756E-032	3,9186E-032	5,1047E-033	1,7791E-033	3,0470E-032	2,0564E-032	2,3010E-032	9,3323E-033	5,8155E-033	8,5715E-033	2,2802E-032	5,1092E-026	1,6352E-024	2,0688E-024	
65,00	4,2969E-019	5,4416E-019	7,3340E-021	1,8876E-032	3,2895E-032	2,4419E-032	4,2100E-033	3,2653E-033	3,2531E-032	2,0790E-032	1,0424E-032	1,4033E-032	5,0982E-029	5,4209E-033	1,6183E-032	1,1718E-025	4,2278E-024	5,5702E-024	
70,00	4,0647E-019	1,1373E-019	3,3520E-023	5,5518E-033	3,0873E-032	1,4162E-032	3,8246E-033	3,8753E-033	4,3962E-032	9,4387E-033	9,4659E-033	1,6364E-032	1,8385E-026	4,8651E-026	2,8877E-023	5,2182E-022	6,3963E-021	1,8244E-020	
75,00	3,7345E-019	5,9429E-021	1,3216E-029	5,2537E-033	2,2547E-032	2,1245E-032	5,2216E-033	4,7616E-033	5,3212E-032	6,0173E-033	1,0966E-032	1,9325E-032	1,1711E-025	1,9829E-025	3,4774E-022	3,3908E-020	1,9520E-019	2,8267E-019	
80,00	3,3102E-019	4,4502E-023	1,5188E-032	6,9593E-033	2,1341E-032	2,3197E-032	6,9208E-033	3,4460E-033	5,1928E-032	5,9822E-033	1,2615E-032	1,7010E-032	7,2112E-025	1,8830E-024	2,2560E-021	1,5622E-019	9,3360E-019	1,5838E-018	
85,00	2,7124E-019	2,2015E-025	1,6421E-032	7,4039E-033	2,4404E-032	2,2218E-032	5,3007E-033	2,4529E-033	4,3851E-032	7,6161E-033	1,6491E-032	1,4257E-032	1,8310E-024	6,7007E-024	1,1962E-020	1,1063E-018	6,3456E-018	9,3548E-018	
90,00	2,0467E-019	1,0624E-024	1,6838E-032	7,4067E-033	2,6160E-032	1,6834E-032	5,8520E-033	3,5071E-033	3,8884E-032	9,6942E-033	2,2147E-032	9,7195E-033	2,9624E-024	1,3789E-023	2,9331E-020	2,9920E-018	1,7416E-017	2,4424E-017	
95,00	1,4618E-019	4,4964E-024	1,7502E-032	7,1658E-033	2,3723E-032	9,7309E-033	5,7400E-033	4,5679E-033	3,5923E-032	9,4289E-033	2,4635E-032	1,0073E-032	2,4567E-024	1,9407E-023	4,7752E-020	5,2878E-018	3,1227E-017	4,2208E-017	
100,00	1,0075E-019	1,0426E-023	1,2979E-032	9,7284E-033	2,1092E-032	6,4332E-033	5,7532E-033	6,0484E-033	3,2572E-032	9,6674E-033	2,6897E-032	8,9415E-033	2,2576E-025	1,1235E-023	4,7456E-020	6,3074E-018	3,8000E-017	4,7738E-017	

1000000000
0,08726646	0,17453293	0,26179939	0,34906585	0,43633231	0,52359878	0,61086524	0,6981317	0,78539816	0,87266463	0,95993109	1,04719755	1,13446401	1,22173048	1,30899694	1,3962634	1,48352986	1,57079633	
05,00	0,0000E000	0,0000E000	0,0000E000	0,0000E000	0,0000E000	0,0000E000	0,0000E000	2,1268E-018	3,5374E-018	3,4635E-018	1,0264E-018	6,5251E-020	1,2698E-021	1,2601E-024	2,6198E-028	1,8985E-032	8,9058E-028	6,6611E-017	
10,00	0,0000E000	0,0000E000	0,0000E000	0,0000E000	0,0000E000	0,0000E000	3,4104E-019	1,2275E-017	1,9443E-017	1,8506E-017	5,4270E-018	3,4229E-019	6,6435E-021	6,5930E-024	1,3678E-027	1,2024E-031	4,6468E-027	3,5523E-016	
15,00	3,8683E-029	8,8317E-026	8,8307E-024	2,2595E-022	2,6425E-021	2,4241E-020	5,1000E-018	2,5433E-017	3,5732E-017	3,1403E-017	8,9194E-018	5,4872E-019	1,0560E-020	1,0480E-023	2,1559E-027	1,0149E-034	7,3371E-027	5,9927E-016	
20,00	4,6823E-025	4,2904E-022	2,5081E-020	3,9510E-019	2,6000E-018	8,7663E-018	1,7750E-017	2,2201E-017	1,7792E-017	8,8648E-018	1,8493E-018	8,7835E-020	1,5328E-021	1,5231E-024	2,9047E-028	2,1536E-031	9,6326E-028	1,5856E-016	
25,00	1,5290E-022	4,8011E-020	1,0614E-018	5,2522E-018	1,0250E-017	1,0811E-017	5,8310E-018	1,0470E-018	3,9896E-020	8,8753E-023	1,3699E-026	4,1253E-032	1,0934E-032	5,1073E-032	6,3180E-032	3,7658E-032	8,3151E-032	8,6830E-022	
30,00	9,0820E-021	7,5053E-019	3,7981E-018	6,2691E-018	4,8701E-018	9,4499E-019	1,0921E-020	7,3801E-025	8,6348E-032	2,9830E-032	2,8316E-032	2,2843E-032	1,4458E-032	2,4850E-032	8,2135E-032	4,5632E-032	6,9126E-032	4,8332E-032	
35,00	1,2001E-019	1,7437E-018	3,6338E-018	2,7787E-018	2,7248E-019	1,0813E-022	3,1641E-031	1,7872E-032	1,1596E-031	1,5269E-032	1,4802E-032	3,4759E-032	3,5016E-032	1,6054E-032	7,8472E-032	4,3188E-032	6,0931E-032	4,2058E-032	
40,00	3,7952E-019	1,7371E-018	2,3308E-018	2,1028E-019	2,4865E-023	2,6965E-032	1,0231E-032	3,9909E-033	7,2124E-032	1,5236E-032	2,4847E-032	2,9476E-032	3,4468E-032	2,0296E-032	4,5939E-032	2,8277E-032	3,5263E-032	3,6481E-032	
45,00	4,4706E-019	1,5020E-018	5,6672E-019	7,5434E-022	4,0928E-032	4,0280E-032	2,0001E-032	7,1459E-033	5,3484E-032	1,7243E-032	4,2953E-032	2,9011E-032	6,8011E-033	2,4826E-032	3,5881E-032	3,5700E-032	3,9759E-032	3,5513E-032	
50,00	4,4525E-019	1,0258E-018	1,2440E-020	2,5374E-028	2,6632E-032	4,7944E-032	2,2193E-032	8,9364E-033	4,7210E-032	1,8250E-032	4,9984E-032	1,9138E-032	2,7616E-033	2,0150E-032	3,2815E-032	2,5654E-032	3,9271E-032	2,7490E-032	
55,00	4,3582E-019	5,1100E-019	3,0010E-024	8,0265E-033	2,4174E-032	4,4273E-032	1,5060E-032	6,7619E-033	3,0186E-032	2,0513E-032	4,4940E-032	7,1770E-033	4,0301E-033	1,1352E-032	3,1251E-032	1,7316E-032	3,3836E-032	3,3449E-032	
60,00	4,0071E-019	1,4602E-019	9,1457E-030	5,9368E-033	2,6756E-032	3,9186E-032	5,1047E-033	1,7791E-033	3,0470E-032	2,0564E-032	2,3010E-032	9,3323E-033	5,8155E-033	8,5715E-033	2,2802E-032	1,6148E-032	3,6343E-032	2,9841E-032	
65,00	3,1794E-019	9,6739E-021	3,4191E-033	7,1106E-033	3,2895E-032	2,4419E-032	4,2100E-033	3,2653E-033	3,2531E-032	2,0790E-032	1,0424E-032	1,4033E-032	1,0488E-032	5,4185E-033	1,6183E-032	1,6898E-032	3,4058E-032	2,7447E-032	
70,00	2,0060E-019	1,5693E-023	6,4083E-033	5,5518E-033	3,0873E-032	1,4162E-032	3,8246E-033	3,8753E-033	4,3962E-032	9,4387E-033	9,4659E-033	1,6364E-032	1,4132E-032	8,8522E-033	1,6429E-032	2,4386E-032	5,7968E-026	1,5779E-023	
75,00	1,0033E-019	8,6990E-031	1,0485E-032	5,2537E-033	2,2547E-032	2,1245E-032	5,2216E-033	4,7616E-033	5,3212E-032	6,0173E-033	1,0966E-032	1,9325E-032	1,6687E-032	9,0320E-033	2,4154E-032	6,2592E-025	1,2576E-020	6,7040E-020	
80,00	4,6815E-020	2,2414E-032	1,5188E-032	6,9593E-033	2,1341E-032	2,3197E-032	6,9208E-033	3,4460E-033	5,1928E-032	5,9822E-033	1,2615E-032	1,7010E-032	1,0301E-032	8,3738E-033	2,1858E-032	2,3102E-024	4,3011E-020	2,3884E-019	
85,00	1,4727E-020	2,0887E-032	1,6421E-032	7,4039E-033	2,4404E-032	2,2218E-032	5,3007E-033	2,4529E-033	4,3851E-032	7,6161E-033	1,6491E-032	1,4257E-032	6,8321E-033	6,4222E-033	1,9094E-032	1,9789E-023	3,8713E-019	2,0677E-018	
90,00	2,0937E-021	1,6685E-032	1,6838E-032	7,4067E-033	2,6160E-032	1,6834E-032	5,8520E-033	3,5071E-033	3,8884E-032	9,6942E-033	2,2147E-032	9,7195E-033	6,2403E-033	9,9092E-033	2,0378E-032	5,6815E-023	1,2181E-018	6,5163E-018	
95,00	1,5975E-022	1,6381E-032	1,7502E-032	7,1658E-033	2,3723E-032	9,7309E-033	5,7400E-033	4,5679E-033	3,5923E-032	9,4289E-033	2,4635E-032	1,0073E-032	6,0465E-033	1,1124E-032	1,9188E-032	1,0506E-022	2,3967E-018	1,2806E-017	
100,00	7,0354E-024	1,5840E-032	1,2979E-032	9,7284E-033	2,1092E-032	6,4332E-033	5,7532E-033	6,0484E-033	3,2572E-032	9,6674E-033	2,6897E-032	8,9415E-033	8,8289E-033	1,1098E-032	2,0399E-032	1,3580E-022	3,3657E-018	1,7917E-017	

