S 10 18 20
1
0,08726646	0,17453293	0,26179939	0,34906585	0,43633231	0,52359878	0,61086524	0,6981317	0,78539816	0,87266463	0,95993109	1,04719755	1,13446401	1,22173048	1,30899694	1,3962634	1,48352986	1,57079633	
05,00	8,7656E-033	0,0000E000	0,0000E000	0,0000E000	0,0000E000	0,0000E000	0,0000E000	0,0000E000	0,0000E000	0,0000E000	0,0000E000	0,0000E000	0,0000E000	0,0000E000	0,0000E000	0,0000E000	0,0000E000	0,0000E000	FALSE
10,00	5,1834E-032	0,0000E000	0,0000E000	0,0000E000	0,0000E000	0,0000E000	0,0000E000	0,0000E000	0,0000E000	0,0000E000	0,0000E000	0,0000E000	0,0000E000	0,0000E000	0,0000E000	0,0000E000	0,0000E000	0,0000E000	FALSE
15,00	1,1321E-031	6,0044E-032	2,6706E-030	3,8820E-029	2,9071E-028	1,4199E-027	5,0770E-027	1,4465E-026	3,5044E-026	6,8548E-026	1,5131E-025	1,8312E-025	3,2429E-025	1,2932E-024	5,1619E-025	3,4781E-025	3,4394E-025	3,5557E-025	FALSE
20,00	1,0781E-030	2,4350E-028	6,6641E-027	6,8713E-026	3,9814E-025	1,5722E-024	4,7057E-024	1,1425E-023	2,3602E-023	4,2562E-023	6,9285E-023	1,0176E-022	1,3951E-022	1,8162E-022	2,1450E-022	2,3680E-022	2,5254E-022	2,5863E-022	FALSE
25,00	2,7608E-028	2,5767E-026	4,0821E-025	2,8442E-024	1,2223E-023	3,8180E-023	9,4654E-023	1,9665E-022	3,5608E-022	5,7926E-022	8,6260E-022	1,1848E-021	1,5183E-021	1,8438E-021	2,1386E-021	2,3740E-021	2,5254E-021	2,5775E-021	TRUE
30,00	1,6201E-026	8,0881E-025	8,3634E-024	4,3260E-023	1,5000E-022	3,9493E-022	8,4811E-022	1,5668E-021	2,5833E-021	3,8858E-021	5,4230E-021	7,0998E-021	8,7406E-021	1,0173E-020	1,1333E-020	1,2218E-020	1,2790E-020	1,2991E-020	TRUE
35,00	4,0045E-025	1,0981E-023	8,6521E-023	3,6296E-022	1,0433E-021	2,3595E-021	4,5549E-021	7,8011E-021	1,2030E-020	1,6941E-020	2,2254E-020	2,7757E-020	3,3069E-020	3,7626E-020	4,1087E-020	4,3519E-020	4,5024E-020	4,5544E-020	TRUE
40,00	5,7354E-024	9,4369E-023	5,3352E-022	1,8750E-021	4,9055E-021	1,0282E-020	1,8077E-020	2,7867E-020	3,9432E-020	5,2995E-020	6,8339E-020	8,4008E-020	9,7900E-020	1,0889E-019	1,1701E-019	1,2263E-019	1,2604E-019	1,2719E-019	TRUE
45,00	4,2678E-023	5,9075E-022	2,6776E-021	7,5058E-021	1,6407E-020	3,1074E-020	5,3124E-020	8,2453E-020	1,1574E-019	1,4744E-019	1,7363E-019	1,9494E-019	2,1441E-019	2,3424E-019	2,5456E-019	2,7268E-019	2,8495E-019	2,8921E-019	TRUE
50,00	2,0392E-022	2,3594E-021	1,0173E-020	2,6729E-020	5,2471E-020	8,5594E-020	1,2501E-019	1,7308E-019	2,3452E-019	3,1135E-019	3,9829E-019	4,8194E-019	5,4601E-019	5,8336E-019	5,9988E-019	6,0446E-019	6,0409E-019	6,0336E-019	TRUE
55,00	9,0646E-022	6,6617E-021	2,6445E-020	6,9462E-020	1,3931E-019	2,2959E-019	3,2503E-019	4,0884E-019	4,7319E-019	5,2500E-019	5,8033E-019	6,5378E-019	7,5279E-019	8,7487E-019	1,0054E-018	1,1181E-018	1,1905E-018	1,2148E-018	TRUE
60,00	3,8980E-021	1,8165E-020	5,5475E-020	1,3200E-019	2,6255E-019	4,5135E-019	6,8422E-019	9,2755E-019	1,1367E-018	1,2718E-018	1,3166E-018	1,2881E-018	1,2180E-018	1,1319E-018	1,0483E-018	9,8035E-019	9,3582E-019	9,2010E-019	TRUE
65,00	1,4184E-020	5,6330E-020	1,2767E-019	2,3746E-019	4,0415E-019	6,5129E-019	9,9435E-019	1,4269E-018	1,9151E-018	2,4032E-018	2,8247E-018	3,1149E-018	3,2410E-018	3,2363E-018	3,1657E-018	3,0790E-018	3,0102E-018	2,9832E-018	TRUE
70,00	3,8081E-020	1,6739E-019	3,3549E-019	5,2300E-019	7,1582E-019	9,3059E-019	1,2087E-018	1,5948E-018	2,1121E-018	2,7518E-018	3,4793E-018	4,2483E-018	5,0060E-018	5,6740E-018	6,1598E-018	6,4362E-018	6,5567E-018	6,5863E-018	TRUE
75,00	8,1979E-020	4,1024E-019	8,1473E-019	1,2388E-018	1,5867E-018	1,8097E-018	1,9215E-018	1,9926E-018	2,1139E-018	2,3515E-018	2,7252E-018	3,2143E-018	3,7748E-018	4,3644E-018	4,9604E-018	5,5126E-018	5,9125E-018	6,0571E-018	TRUE
80,00	1,5711E-019	8,0829E-019	1,6411E-018	2,5696E-018	3,3930E-018	3,9487E-018	4,1429E-018	3,9826E-018	3,5763E-018	3,0848E-018	2,6399E-018	2,3064E-018	2,0900E-018	1,9634E-018	1,8761E-018	1,7811E-018	1,6922E-018	1,6551E-018	TRUE
85,00	2,9441E-019	1,3049E-018	2,7184E-018	4,4012E-018	6,0767E-018	7,4786E-018	8,3783E-018	8,6288E-018	8,2101E-018	7,2587E-018	6,0309E-018	4,7705E-018	3,6280E-018	2,6796E-018	1,9434E-018	1,4254E-018	1,1295E-018	1,0346E-018	TRUE
90,00	5,1476E-019	1,7829E-018	3,7779E-018	6,2764E-018	8,9793E-018	1,1584E-017	1,3793E-017	1,5339E-017	1,6016E-017	1,5730E-017	1,4567E-017	1,2855E-017	1,0989E-017	9,2294E-018	7,7168E-018	6,5468E-018	5,7890E-018	5,5211E-018	TRUE
95,00	8,2412E-019	2,1350E-018	4,5103E-018	7,6214E-018	1,1166E-017	1,4871E-017	1,8460E-017	2,1669E-017	2,4253E-017	2,5979E-017	2,6633E-017	2,6098E-017	2,4573E-017	2,2590E-017	2,0570E-017	1,8772E-017	1,7447E-017	1,6939E-017	TRUE
100,00	1,2238E-018	2,4248E-018	4,7313E-018	8,0617E-018	1,1970E-017	1,6234E-017	2,0636E-017	2,4981E-017	2,9103E-017	3,2855E-017	3,6080E-017	3,8537E-017	3,9831E-017	3,9642E-017	3,8277E-017	3,6421E-017	3,4753E-017	3,4053E-017	FALSE

10
0,08726646	0,17453293	0,26179939	0,34906585	0,43633231	0,52359878	0,61086524	0,6981317	0,78539816	0,87266463	0,95993109	1,04719755	1,13446401	1,22173048	1,30899694	1,3962634	1,48352986	1,57079633	
05,00	5,2594E-032	0,0000E000	0,0000E000	0,0000E000	0,0000E000	0,0000E000	0,0000E000	0,0000E000	0,0000E000	0,0000E000	0,0000E000	0,0000E000	0,0000E000	0,0000E000	0,0000E000	0,0000E000	0,0000E000	0,0000E000	FALSE
10,00	3,1100E-031	0,0000E000	0,0000E000	0,0000E000	0,0000E000	0,0000E000	0,0000E000	0,0000E000	0,0000E000	0,0000E000	0,0000E000	0,0000E000	0,0000E000	0,0000E000	0,0000E000	0,0000E000	0,0000E000	0,0000E000	FALSE
15,00	6,7946E-031	5,8843E-031	2,6687E-029	3,8811E-028	2,9072E-027	1,4200E-026	5,0770E-026	1,4465E-025	3,5044E-025	6,8549E-025	1,5131E-024	1,8312E-024	3,2429E-024	1,2932E-023	5,1619E-024	3,4781E-024	3,4394E-024	3,5557E-024	FALSE
20,00	1,0540E-029	2,4334E-027	6,6639E-026	6,8712E-025	3,9814E-024	1,5722E-023	4,7057E-023	1,1425E-022	2,3602E-022	4,2562E-022	6,9285E-022	1,0176E-021	1,3951E-021	1,8162E-021	2,1450E-021	2,3680E-021	2,5254E-021	2,5863E-021	FALSE
25,00	2,7609E-027	2,5767E-025	4,0821E-024	2,8442E-023	1,2223E-022	3,8180E-022	9,4654E-022	1,9665E-021	3,5608E-021	5,7926E-021	8,6259E-021	1,1848E-020	1,5183E-020	1,8438E-020	2,1386E-020	2,3740E-020	2,5254E-020	2,5775E-020	TRUE
30,00	1,6201E-025	8,0881E-024	8,3634E-023	4,3260E-022	1,5000E-021	3,9493E-021	8,4810E-021	1,5668E-020	2,5832E-020	3,8856E-020	5,4227E-020	7,0994E-020	8,7400E-020	1,0172E-019	1,1333E-019	1,2217E-019	1,2789E-019	1,2989E-019	TRUE
35,00	4,0045E-024	1,0981E-022	8,6521E-022	3,6296E-021	1,0433E-020	2,3594E-020	4,5546E-020	7,8004E-020	1,2028E-019	1,6938E-019	2,2249E-019	2,7750E-019	3,3060E-019	3,7614E-019	4,1072E-019	4,3502E-019	4,5002E-019	4,5516E-019	TRUE
40,00	5,7354E-023	9,4369E-022	5,3352E-021	1,8750E-020	4,9051E-020	1,0280E-019	1,8073E-019	2,7856E-019	3,9412E-019	5,2963E-019	6,8291E-019	8,3940E-019	9,7805E-019	1,0877E-018	1,1685E-018	1,2243E-018	1,2578E-018	1,2689E-018	TRUE
45,00	4,2678E-022	5,9074E-021	2,6774E-020	7,5044E-020	1,6402E-019	3,1059E-019	5,3086E-019	8,2371E-019	1,1558E-018	1,4717E-018	1,7322E-018	1,9440E-018	2,1374E-018	2,3343E-018	2,5359E-018	2,7152E-018	2,8352E-018	2,8756E-018	TRUE
50,00	2,0391E-021	2,3592E-020	1,0171E-019	2,6715E-019	5,2416E-019	8,5449E-019	1,2472E-018	1,7260E-018	2,3378E-018	3,1021E-018	3,9654E-018	4,7939E-018	5,4254E-018	5,7889E-018	5,9430E-018	5,9751E-018	5,9535E-018	5,9333E-018	TRUE
55,00	9,0638E-021	6,6604E-020	2,6432E-019	6,9387E-019	1,3900E-018	2,2873E-018	3,2316E-018	4,0564E-018	4,6865E-018	5,1937E-018	5,7388E-018	6,4644E-018	7,4409E-018	8,6401E-018	9,9139E-018	1,0999E-017	1,1673E-017	1,1883E-017	TRUE
60,00	3,8971E-020	1,8147E-019	5,5389E-019	1,3168E-018	2,6155E-018	4,4857E-018	6,7772E-018	9,1495E-018	1,1161E-017	1,2425E-017	1,2794E-017	1,2445E-017	1,1691E-017	1,0781E-017	9,8903E-018	9,1387E-018	8,6030E-018	8,3914E-018	TRUE
65,00	1,4176E-019	5,6159E-019	1,2698E-018	2,3575E-018	4,0071E-018	6,4451E-018	9,8069E-018	1,4002E-017	1,8675E-017	2,3271E-017	2,7148E-017	2,9691E-017	3,0583E-017	3,0143E-017	2,8987E-017	2,7576E-017	2,6276E-017	2,5668E-017	TRUE
70,00	3,8037E-019	1,6629E-018	3,3113E-018	5,1280E-018	6,9861E-018	9,0668E-018	1,1774E-017	1,5513E-017	2,0453E-017	2,6461E-017	3,3175E-017	4,0135E-017	4,6827E-017	5,2472E-017	5,6130E-017	5,7494E-017	5,7195E-017	5,6685E-017	TRUE
75,00	8,1781E-019	4,0541E-018	7,9504E-018	1,1911E-017	1,5040E-017	1,6968E-017	1,7928E-017	1,8625E-017	1,9872E-017	2,2191E-017	2,5689E-017	3,0143E-017	3,5127E-017	4,0215E-017	4,5130E-017	4,9315E-017	5,1833E-017	5,2494E-017	TRUE
80,00	1,5634E-018	7,9341E-018	1,5781E-017	2,4098E-017	3,0991E-017	3,5172E-017	3,6117E-017	3,4162E-017	3,0394E-017	2,6189E-017	2,2566E-017	1,9944E-017	1,8260E-017	1,7217E-017	1,6396E-017	1,5441E-017	1,4525E-017	1,4129E-017	TRUE
85,00	2,9184E-018	1,2709E-017	2,5710E-017	4,0127E-017	5,3241E-017	6,2988E-017	6,8022E-017	6,7763E-017	6,2486E-017	5,3487E-017	4,2862E-017	3,2488E-017	2,3416E-017	1,6133E-017	1,0700E-017	7,0188E-018	4,9473E-018	4,2763E-018	TRUE
90,00	5,0747E-018	1,7226E-017	3,5154E-017	5,5644E-017	7,5446E-017	9,2173E-017	1,0424E-016	1,1066E-016	1,1082E-016	1,0443E-016	9,2139E-017	7,6369E-017	6,0153E-017	4,5371E-017	3,3053E-017	2,3920E-017	1,8198E-017	1,6174E-017	TRUE
95,00	8,0636E-018	2,0468E-017	4,1432E-017	6,6050E-017	9,0588E-017	1,1262E-016	1,3074E-016	1,4433E-016	1,5310E-016	1,5656E-016	1,5358E-016	1,4276E-016	1,2493E-016	1,0403E-016	8,3643E-017	6,6335E-017	5,4141E-017	4,9489E-017	TRUE
100,00	1,1845E-017	2,2940E-017	4,3158E-017	6,8990E-017	9,5151E-017	1,1926E-016	1,4005E-016	1,5717E-016	1,7090E-016	1,8166E-016	1,8953E-016	1,9335E-016	1,8979E-016	1,7542E-016	1,5269E-016	1,2854E-016	1,0929E-016	1,0149E-016	FALSE

100
0,08726646	0,17453293	0,26179939	0,34906585	0,43633231	0,52359878	0,61086524	0,6981317	0,78539816	0,87266463	0,95993109	1,04719755	1,13446401	1,22173048	1,30899694	1,3962634	1,48352986	1,57079633	
05,00	0,0000E000	0,0000E000	0,0000E000	0,0000E000	0,0000E000	0,0000E000	0,0000E000	0,0000E000	0,0000E000	0,0000E000	0,0000E000	0,0000E000	0,0000E000	0,0000E000	0,0000E000	0,0000E000	0,0000E000	0,0000E000	FALSE
10,00	0,0000E000	0,0000E000	0,0000E000	0,0000E000	0,0000E000	0,0000E000	0,0000E000	0,0000E000	0,0000E000	0,0000E000	0,0000E000	0,0000E000	0,0000E000	0,0000E000	0,0000E000	0,0000E000	0,0000E000	0,0000E000	FALSE
15,00	9,9289E-033	5,9561E-030	2,6690E-028	3,8811E-027	2,9072E-026	1,4200E-025	5,0770E-025	1,4465E-024	3,5044E-024	6,8549E-024	1,5131E-023	1,8312E-023	3,2429E-023	1,2932E-022	5,1619E-023	3,4782E-023	3,4394E-023	3,5558E-023	FALSE
20,00	1,0295E-028	2,4344E-026	6,6639E-025	6,8712E-024	3,9814E-023	1,5722E-022	4,7057E-022	1,1425E-021	2,3602E-021	4,2562E-021	6,9285E-021	1,0176E-020	1,3951E-020	1,8162E-020	2,1450E-020	2,3679E-020	2,5253E-020	2,5863E-020	FALSE
25,00	2,7609E-026	2,5767E-024	4,0821E-023	2,8442E-022	1,2223E-021	3,8180E-021	9,4653E-021	1,9664E-020	3,5606E-020	5,7923E-020	8,6253E-020	1,1847E-019	1,5181E-019	1,8436E-019	2,1383E-019	2,3737E-019	2,5249E-019	2,5769E-019	TRUE
30,00	1,6201E-024	8,0881E-023	8,3633E-022	4,3260E-021	1,4999E-020	3,9490E-020	8,4801E-020	1,5665E-019	2,5825E-019	3,8842E-019	5,4200E-019	7,0951E-019	8,7341E-019	1,0165E-018	1,1323E-018	1,2206E-018	1,2775E-018	1,2972E-018	TRUE
35,00	4,0045E-023	1,0981E-021	8,6519E-021	3,6294E-020	1,0431E-019	2,3586E-019	4,5518E-019	7,7931E-019	1,2012E-018	1,6908E-018	2,2200E-018	2,7678E-018	3,2966E-018	3,7497E-018	4,0930E-018	4,3330E-018	4,4784E-018	4,5247E-018	TRUE
40,00	5,7354E-022	9,4365E-021	5,3343E-020	1,8742E-019	4,9013E-019	1,0265E-018	1,8028E-018	2,7752E-018	3,9216E-018	5,2647E-018	6,7820E-018	8,3266E-018	9,6873E-018	1,0753E-017	1,1528E-017	1,2047E-017	1,2328E-017	1,2391E-017	TRUE
45,00	4,2677E-021	5,9064E-020	2,6755E-019	7,4911E-019	1,6348E-018	3,0905E-018	5,2713E-018	8,1559E-018	1,1401E-017	1,4451E-017	1,6929E-017	1,8919E-017	2,0730E-017	2,2575E-017	2,4454E-017	2,6078E-017	2,7042E-017	2,7250E-017	TRUE
50,00	2,0389E-020	2,3580E-019	1,0151E-018	2,6579E-018	5,1880E-018	8,4039E-018	1,2193E-017	1,6801E-017	2,2675E-017	2,9945E-017	3,8010E-017	4,5548E-017	5,1020E-017	5,3760E-017	5,4327E-017	5,3506E-017	5,1847E-017	5,0621E-017	TRUE
55,00	9,0561E-020	6,6470E-019	2,6309E-018	6,8648E-018	1,3606E-017	2,2042E-017	3,0559E-017	3,7630E-017	4,2822E-017	4,7091E-017	5,1982E-017	5,8601E-017	6,7303E-017	7,7592E-017	8,7933E-017	9,5758E-017	9,8909E-017	9,8649E-017	TRUE
60,00	3,8877E-019	1,7975E-018	5,4570E-018	1,2873E-017	2,5200E-017	4,2216E-017	6,1766E-017	8,0275E-017	9,4049E-017	1,0061E-016	9,9702E-017	9,3487E-017	8,4741E-017	7,5358E-017	6,6561E-017	5,9063E-017	5,3102E-017	5,0268E-017	TRUE
65,00	1,4093E-018	5,4561E-018	1,2091E-017	2,2139E-017	3,7197E-017	5,8647E-017	8,6160E-017	1,1711E-016	1,4748E-016	1,7324E-016	1,9092E-016	1,9731E-016	1,9063E-016	1,7362E-016	1,5150E-016	1,2816E-016	1,0652E-016	9,5529E-017	TRUE
70,00	3,7599E-018	1,5624E-017	2,9492E-017	4,3624E-017	5,8020E-017	7,4958E-017	9,6854E-017	1,2422E-016	1,5528E-016	1,8735E-016	2,1821E-016	2,4618E-016	2,6935E-016	2,8298E-016	2,8036E-016	2,6019E-016	2,2937E-016	2,1049E-016	TRUE
75,00	7,9882E-018	3,6288E-017	6,4284E-017	8,7183E-017	1,0224E-016	1,1144E-016	1,1868E-016	1,2767E-016	1,4000E-016	1,5506E-016	1,7157E-016	1,8854E-016	2,0474E-016	2,1812E-016	2,2678E-016	2,2731E-016	2,1654E-016	2,0658E-016	TRUE
80,00	1,4918E-017	6,6759E-017	1,1299E-016	1,4694E-016	1,6591E-016	1,7278E-016	1,7088E-016	1,6327E-016	1,5289E-016	1,4200E-016	1,3171E-016	1,2287E-016	1,1575E-016	1,0947E-016	1,0268E-016	9,4412E-017	8,6343E-017	8,2627E-017	TRUE
85,00	2,6865E-017	9,9668E-017	1,6050E-016	1,9970E-016	2,2017E-016	2,2915E-016	2,3076E-016	2,2549E-016	2,1141E-016	1,8699E-016	1,5478E-016	1,2016E-016	8,7974E-017	6,1702E-017	4,2324E-017	2,8820E-017	2,0435E-017	1,7245E-017	TRUE
90,00	4,4466E-017	1,2585E-016	1,9204E-016	2,2727E-016	2,4293E-016	2,5089E-016	2,5719E-016	2,6387E-016	2,6894E-016	2,6488E-016	2,4129E-016	1,9784E-016	1,4739E-016	1,0173E-016	6,7228E-017	4,4956E-017	3,1443E-017	2,5044E-017	TRUE
95,00	6,6230E-017	1,4050E-016	2,0409E-016	2,3186E-016	2,4143E-016	2,4627E-016	2,5225E-016	2,6227E-016	2,7786E-016	2,9756E-016	3,1277E-016	3,0501E-016	2,6315E-016	2,0523E-016	1,5282E-016	1,1474E-016	8,8546E-017	7,4366E-017	TRUE
100,00	8,9654E-017	1,4585E-016	2,0169E-016	2,2469E-016	2,3123E-016	2,3426E-016	2,3861E-016	2,4671E-016	2,6063E-016	2,8164E-016	3,0863E-016	3,3525E-016	3,4472E-016	3,1798E-016	2,6646E-016	2,1776E-016	1,7922E-016	1,5627E-016	FALSE

1000
0,08726646	0,17453293	0,26179939	0,34906585	0,43633231	0,52359878	0,61086524	0,6981317	0,78539816	0,87266463	0,95993109	1,04719755	1,13446401	1,22173048	1,30899694	1,3962634	1,48352986	1,57079633	
05,00	0,0000E000	0,0000E000	0,0000E000	0,0000E000	0,0000E000	0,0000E000	0,0000E000	0,0000E000	0,0000E000	0,0000E000	0,0000E000	0,0000E000	0,0000E000	0,0000E000	0,0000E000	0,0000E000	0,0000E000	0,0000E000	FALSE
10,00	0,0000E000	0,0000E000	0,0000E000	0,0000E000	0,0000E000	0,0000E000	0,0000E000	0,0000E000	0,0000E000	0,0000E000	0,0000E000	0,0000E000	0,0000E000	0,0000E000	0,0000E000	0,0000E000	0,0000E000	0,0000E000	FALSE
15,00	1,0637E-031	5,9531E-029	2,6690E-027	3,8811E-026	2,9072E-025	1,4200E-024	5,0770E-024	1,4465E-023	3,5044E-023	6,8549E-023	1,5131E-022	1,8313E-022	3,2431E-022	1,2934E-021	5,1624E-022	3,4782E-022	3,4395E-022	3,5559E-022	FALSE
20,00	1,0307E-027	2,4344E-025	6,6639E-024	6,8712E-023	3,9814E-022	1,5722E-021	4,7057E-021	1,1425E-020	2,3601E-020	4,2560E-020	6,9281E-020	1,0175E-019	1,3949E-019	1,8160E-019	2,1447E-019	2,3676E-019	2,5249E-019	2,5857E-019	FALSE
25,00	2,7609E-025	2,5767E-023	4,0821E-022	2,8442E-021	1,2222E-020	3,8177E-020	9,4641E-020	1,9660E-019	3,5594E-019	5,7892E-019	8,6190E-019	1,1836E-018	1,5166E-018	1,8415E-018	2,1356E-018	2,3703E-018	2,5207E-018	2,5711E-018	TRUE
30,00	1,6201E-023	8,0881E-022	8,3631E-021	4,3255E-020	1,4995E-019	3,9467E-019	8,4707E-019	1,5636E-018	2,5755E-018	3,8696E-018	5,3935E-018	7,0529E-018	8,6750E-018	1,0090E-017	1,1233E-017	1,2098E-017	1,2641E-017	1,2800E-017	TRUE
35,00	4,0044E-022	1,0981E-020	8,6500E-020	3,6268E-019	1,0412E-018	2,3500E-018	4,5241E-018	7,7215E-018	1,1856E-017	1,6613E-017	2,1721E-017	2,6991E-017	3,2061E-017	3,6374E-017	3,9580E-017	4,1713E-017	4,2761E-017	4,2768E-017	TRUE
40,00	5,7352E-021	9,4324E-020	5,3258E-019	1,8671E-018	4,8637E-018	1,0119E-017	1,7594E-017	2,6757E-017	3,7382E-017	4,9742E-017	6,3571E-017	7,7283E-017	8,8745E-017	9,6987E-017	1,0218E-016	1,0458E-016	1,0374E-016	1,0106E-016	TRUE
45,00	4,2669E-020	5,8964E-019	2,6568E-018	7,3622E-018	1,5848E-017	2,9503E-017	4,9371E-017	7,4356E-017	1,0030E-016	1,2219E-016	1,3815E-016	1,5054E-016	1,6251E-016	1,7530E-016	1,8798E-016	1,9703E-016	1,9691E-016	1,9029E-016	TRUE
50,00	2,0363E-019	2,3461E-018	9,9579E-018	2,5291E-017	4,7136E-017	7,2563E-017	1,0113E-016	1,3570E-016	1,7803E-016	2,2462E-016	2,6816E-016	3,0074E-016	3,1526E-016	3,0957E-016	2,8884E-016	2,5893E-016	2,2117E-016	1,9296E-016	TRUE
55,00	8,9811E-019	6,5226E-018	2,5171E-017	6,2024E-017	1,1176E-016	1,6040E-016	1,9751E-016	2,2351E-016	2,4597E-016	2,7181E-016	3,0186E-016	3,3312E-016	3,6421E-016	3,9405E-016	4,1588E-016	4,1592E-016	3,8010E-016	3,3801E-016	TRUE
60,00	3,7979E-018	1,6658E-017	4,8714E-017	1,0688E-016	1,8294E-016	2,5387E-016	3,0316E-016	3,3259E-016	3,5080E-016	3,6140E-016	3,6211E-016	3,4996E-016	3,2491E-016	2,9228E-016	2,6051E-016	2,3358E-016	2,0807E-016	1,8903E-016	TRUE
65,00	1,3337E-017	4,4335E-017	8,9635E-017	1,5260E-016	2,2763E-016	2,9418E-016	3,3710E-016	3,6287E-016	3,8741E-016	4,2037E-016	4,5890E-016	4,8359E-016	4,6653E-016	4,0529E-016	3,2925E-016	2,6257E-016	2,0657E-016	1,6227E-016	TRUE
70,00	3,3922E-017	1,0266E-016	1,5848E-016	2,0801E-016	2,5642E-016	2,9899E-016	3,2741E-016	3,4358E-016	3,5842E-016	3,8235E-016	4,2061E-016	4,6954E-016	5,1563E-016	5,3848E-016	5,2206E-016	4,7469E-016	4,0685E-016	3,3314E-016	TRUE
75,00	6,5955E-017	1,8108E-016	2,3453E-016	2,6341E-016	2,8389E-016	3,0341E-016	3,2144E-016	3,3375E-016	3,3951E-016	3,4342E-016	3,5170E-016	3,6758E-016	3,8985E-016	4,0982E-016	4,1968E-016	4,1712E-016	3,9602E-016	3,5938E-016	TRUE
80,00	1,0530E-016	2,4223E-016	2,7387E-016	2,8535E-016	2,9507E-016	3,1005E-016	3,3082E-016	3,5021E-016	3,5715E-016	3,4752E-016	3,2669E-016	3,0131E-016	2,7955E-016	2,6387E-016	2,4975E-016	2,3371E-016	2,1852E-016	2,1093E-016	TRUE
85,00	1,5285E-016	2,6247E-016	2,7220E-016	2,7638E-016	2,8595E-016	3,0686E-016	3,4109E-016	3,8023E-016	4,0513E-016	3,9896E-016	3,6041E-016	2,9922E-016	2,3291E-016	1,7885E-016	1,3824E-016	1,0632E-016	8,3917E-017	7,4585E-017	TRUE
90,00	1,9575E-016	2,5638E-016	2,5841E-016	2,6161E-016	2,7178E-016	2,9578E-016	3,3842E-016	3,9336E-016	4,3996E-016	4,5782E-016	4,3551E-016	3,6313E-016	2,6211E-016	1,7305E-016	1,1056E-016	7,1354E-017	5,0792E-017	4,0817E-017	TRUE
95,00	2,1976E-016	2,4408E-016	2,4477E-016	2,4749E-016	2,5646E-016	2,7853E-016	3,1995E-016	3,7721E-016	4,3129E-016	4,6293E-016	4,7100E-016	4,5030E-016	3,7307E-016	2,7065E-016	1,9106E-016	1,4106E-016	1,1549E-016	9,9437E-017	TRUE
100,00	2,2502E-016	2,3199E-016	2,3241E-016	2,3438E-016	2,4097E-016	2,5766E-016	2,9049E-016	3,3924E-016	3,9027E-016	4,2536E-016	4,4152E-016	4,4736E-016	4,4066E-016	3,9585E-016	3,2554E-016	2,6753E-016	2,3372E-016	2,0964E-016	FALSE

10000
0,08726646	0,17453293	0,26179939	0,34906585	0,43633231	0,52359878	0,61086524	0,6981317	0,78539816	0,87266463	0,95993109	1,04719755	1,13446401	1,22173048	1,30899694	1,3962634	1,48352986	1,57079633	
05,00	0,0000E000	0,0000E000	0,0000E000	0,0000E000	0,0000E000	0,0000E000	0,0000E000	0,0000E000	0,0000E000	0,0000E000	0,0000E000	0,0000E000	0,0000E000	0,0000E000	0,0000E000	0,0000E000	0,0000E000	0,0000E000	FALSE
10,00	0,0000E000	0,0000E000	0,0000E000	0,0000E000	0,0000E000	0,0000E000	0,0000E000	0,0000E000	0,0000E000	0,0000E000	0,0000E000	0,0000E000	0,0000E000	0,0000E000	0,0000E000	0,0000E000	0,0000E000	0,0000E000	FALSE
15,00	1,0337E-030	5,9531E-028	2,6690E-026	3,8811E-025	2,9072E-024	1,4200E-023	5,0770E-023	1,4465E-022	3,5046E-022	6,8557E-022	1,5136E-021	1,8319E-021	3,2450E-021	1,2955E-020	5,1670E-021	3,4791E-021	3,4403E-021	3,5571E-021	FALSE
20,00	1,0302E-026	2,4344E-024	6,6639E-023	6,8712E-022	3,9814E-021	1,5721E-020	4,7053E-020	1,1423E-019	2,3595E-019	4,2543E-019	6,9243E-019	1,0168E-018	1,3936E-018	1,8141E-018	2,1422E-018	2,3646E-018	2,5211E-018	2,5802E-018	FALSE
25,00	2,7609E-024	2,5767E-022	4,0821E-021	2,8440E-020	1,2219E-019	3,8155E-019	9,4523E-019	1,9616E-018	3,5466E-018	5,7586E-018	8,5571E-018	1,1730E-017	1,5009E-017	1,8206E-017	2,1092E-017	2,3378E-017	2,4793E-017	2,5150E-017	TRUE
30,00	1,6201E-022	8,0878E-021	8,3609E-020	4,3212E-019	1,4955E-018	3,9240E-018	8,3794E-018	1,5360E-017	2,5087E-017	3,7325E-017	5,1484E-017	6,6681E-017	8,1407E-017	9,4147E-017	1,0427E-016	1,1155E-016	1,1488E-016	1,1354E-016	TRUE
35,00	4,0042E-021	1,0975E-019	8,6312E-019	3,6013E-018	1,0230E-017	2,2699E-017	4,2745E-017	7,1014E-017	1,0541E-016	1,4220E-016	1,7995E-016	2,1877E-016	2,5585E-016	2,8564E-016	3,0458E-016	3,1203E-016	3,0367E-016	2,8238E-016	TRUE
40,00	5,7333E-020	9,3926E-019	5,2443E-018	1,8020E-017	4,5340E-017	8,8940E-017	1,4254E-016	1,9964E-016	2,6224E-016	3,3232E-016	4,0140E-016	4,5675E-016	4,9134E-016	5,0674E-016	5,0724E-016	4,9317E-016	4,5130E-016	3,8809E-016	TRUE
45,00	4,2595E-019	5,7995E-018	2,4896E-017	6,3761E-017	1,2583E-016	2,1173E-016	3,0683E-016	3,8577E-016	4,4228E-016	4,9003E-016	5,3788E-016	5,8251E-016	6,1902E-016	6,4887E-016	6,6994E-016	6,6698E-016	6,0541E-016	4,9249E-016	TRUE
50,00	2,0119E-018	2,2370E-017	8,3982E-017	1,7267E-016	2,5770E-016	3,3493E-016	4,0814E-016	4,6857E-016	5,1440E-016	5,6495E-016	6,3367E-016	7,0384E-016	7,3659E-016	7,1218E-016	6,5133E-016	5,8137E-016	5,0688E-016	4,0506E-016	TRUE
55,00	8,4030E-018	5,7075E-017	1,7869E-016	3,0404E-016	3,7403E-016	4,1278E-016	4,5007E-016	4,9498E-016	5,3634E-016	5,6355E-016	5,8911E-016	6,2873E-016	6,7564E-016	7,1015E-016	7,2263E-016	7,1245E-016	6,6803E-016	5,3857E-016	TRUE
60,00	3,1795E-017	1,1607E-016	2,6175E-016	3,6074E-016	3,8962E-016	4,0879E-016	4,4836E-016	5,1824E-016	5,9937E-016	6,4809E-016	6,4431E-016	6,1005E-016	5,7411E-016	5,4313E-016	5,0853E-016	4,7053E-016	4,2937E-016	3,8828E-016	TRUE
65,00	9,1088E-017	2,0169E-016	3,0829E-016	3,5570E-016	3,6771E-016	3,8444E-016	4,2135E-016	4,9252E-016	5,8851E-016	6,6398E-016	6,9311E-016	6,8985E-016	6,5442E-016	5,8546E-016	4,9564E-016	4,0753E-016	3,4278E-016	2,9962E-016	TRUE
70,00	1,8060E-016	2,8093E-016	3,2292E-016	3,3954E-016	3,5559E-016	3,7821E-016	4,0593E-016	4,4821E-016	5,1285E-016	5,7794E-016	6,1630E-016	6,3277E-016	6,3929E-016	6,3839E-016	6,1752E-016	5,7328E-016	5,2938E-016	4,8405E-016	TRUE
75,00	2,5348E-016	3,0434E-016	3,1260E-016	3,2716E-016	3,5980E-016	4,0302E-016	4,3396E-016	4,4759E-016	4,6091E-016	4,8406E-016	5,0817E-016	5,2518E-016	5,3517E-016	5,3837E-016	5,3702E-016	5,3653E-016	5,4077E-016	5,3995E-016	TRUE
80,00	2,7449E-016	2,9042E-016	2,9571E-016	3,1822E-016	3,7241E-016	4,4377E-016	4,8954E-016	4,9806E-016	4,8085E-016	4,5256E-016	4,2848E-016	4,1454E-016	4,0717E-016	3,9626E-016	3,8433E-016	3,7641E-016	3,7677E-016	3,7820E-016	TRUE
85,00	2,7008E-016	2,7354E-016	2,7990E-016	3,0828E-016	3,7830E-016	4,6797E-016	5,1843E-016	5,2999E-016	5,2385E-016	4,9500E-016	4,3899E-016	3,8122E-016	3,3568E-016	2,8892E-016	2,4787E-016	2,1788E-016	1,9803E-016	1,8924E-016	TRUE
90,00	2,5764E-016	2,5837E-016	2,6475E-016	2,9394E-016	3,6767E-016	4,6086E-016	5,0649E-016	5,1391E-016	5,1448E-016	5,1214E-016	4,9265E-016	4,3467E-016	3,6230E-016	2,7630E-016	1,9623E-016	1,3845E-016	1,0070E-016	8,3742E-017	TRUE
95,00	2,4420E-016	2,4472E-016	2,5011E-016	2,7526E-016	3,4112E-016	4,2899E-016	4,7559E-016	4,8502E-016	4,8683E-016	4,8736E-016	4,8743E-016	4,7890E-016	4,3085E-016	3,3025E-016	2,2635E-016	1,6029E-016	1,2725E-016	1,1103E-016	TRUE
100,00	2,3200E-016	2,3247E-016	2,3641E-016	2,5487E-016	3,0558E-016	3,8177E-016	4,3396E-016	4,5147E-016	4,5702E-016	4,5920E-016	4,6015E-016	4,6069E-016	4,5821E-016	4,2214E-016	3,4306E-016	2,7890E-016	2,4424E-016	2,2355E-016	FALSE

100000
0,08726646	0,17453293	0,26179939	0,34906585	0,43633231	0,52359878	0,61086524	0,6981317	0,78539816	0,87266463	0,95993109	1,04719755	1,13446401	1,22173048	1,30899694	1,3962634	1,48352986	1,57079633	
05,00	0,0000E000	0,0000E000	0,0000E000	0,0000E000	0,0000E000	0,0000E000	0,0000E000	0,0000E000	0,0000E000	0,0000E000	0,0000E000	0,0000E000	0,0000E000	0,0000E000	0,0000E000	0,0000E000	0,0000E000	0,0000E000	FALSE
10,00	0,0000E000	0,0000E000	0,0000E000	0,0000E000	0,0000E000	0,0000E000	0,0000E000	0,0000E000	0,0000E000	0,0000E000	0,0000E000	0,0000E000	0,0000E000	0,0000E000	0,0000E000	0,0000E000	0,0000E000	0,0000E000	FALSE
15,00	1,0323E-029	5,9531E-027	2,6690E-025	3,8811E-024	2,9072E-023	1,4200E-022	5,0773E-022	1,4468E-021	3,5067E-021	6,8638E-021	1,5185E-020	1,8374E-020	3,2644E-020	1,3161E-019	5,2142E-020	3,4882E-020	3,4480E-020	3,5700E-020	FALSE
20,00	1,0302E-025	2,4344E-023	6,6639E-022	6,8710E-021	3,9810E-020	1,5717E-019	4,7022E-019	1,1407E-018	2,3538E-018	4,2378E-018	6,8865E-018	1,0094E-017	1,3811E-017	1,7953E-017	2,1177E-017	2,3350E-017	2,4843E-017	2,5273E-017	FALSE
25,00	2,7609E-023	2,5766E-021	4,0814E-020	2,8419E-019	1,2191E-018	3,7929E-018	9,3373E-018	1,9194E-017	3,4270E-017	5,4805E-017	8,0103E-017	1,0816E-016	1,3676E-016	1,6438E-016	1,8879E-016	2,0707E-016	2,1512E-016	2,0871E-016	TRUE
30,00	1,6201E-021	8,0847E-020	8,3388E-019	4,2789E-018	1,4581E-017	3,7202E-017	7,6068E-017	1,3205E-016	2,0317E-016	2,8305E-016	3,6563E-016	4,4962E-016	5,2916E-016	5,9420E-016	6,4046E-016	6,6453E-016	6,4306E-016	5,5316E-016	TRUE
35,00	4,0021E-020	1,0921E-018	8,4539E-018	3,3772E-017	8,8213E-017	1,7514E-016	2,9007E-016	4,1125E-016	5,1761E-016	6,1953E-016	7,2536E-016	8,2367E-016	9,0688E-016	9,6533E-016	9,8910E-016	9,7830E-016	9,0102E-016	6,8097E-016	TRUE
40,00	5,7137E-019	9,0355E-018	4,6615E-017	1,4093E-016	2,8315E-016	4,1435E-016	5,1683E-016	6,0844E-016	6,9135E-016	7,7676E-016	8,8190E-016	9,7805E-016	1,0188E-015	1,0165E-015	1,0063E-015	9,8915E-016	9,2671E-016	7,1457E-016	TRUE
45,00	4,1892E-018	5,0395E-017	1,6494E-016	3,1591E-016	4,5186E-016	5,2553E-016	5,7783E-016	6,6219E-016	7,7888E-016	8,6731E-016	9,0257E-016	9,3163E-016	9,6312E-016	9,7744E-016	9,7634E-016	9,6652E-016	9,3782E-016	7,7589E-016	TRUE
50,00	1,8461E-017	1,5804E-016	3,3990E-016	4,3458E-016	4,8108E-016	5,2814E-016	5,9431E-016	6,7761E-016	7,8792E-016	8,8398E-016	9,1769E-016	9,2010E-016	9,0983E-016	8,8495E-016	8,4928E-016	8,0998E-016	7,6143E-016	6,7789E-016	TRUE
55,00	6,2730E-017	2,8581E-016	4,1014E-016	4,3075E-016	4,6595E-016	5,5352E-016	6,6955E-016	7,4116E-016	7,7456E-016	8,0562E-016	8,2695E-016	8,3117E-016	8,2670E-016	8,1970E-016	8,1410E-016	8,0809E-016	7,9890E-016	7,7019E-016	TRUE
60,00	1,5970E-016	3,5076E-016	3,8919E-016	4,0233E-016	4,4807E-016	5,6049E-016	7,0116E-016	7,6088E-016	7,6885E-016	7,6796E-016	7,6365E-016	7,5495E-016	7,3526E-016	7,0424E-016	6,7444E-016	6,5108E-016	6,3196E-016	6,1961E-016	TRUE
65,00	2,7323E-016	3,5347E-016	3,6452E-016	3,8905E-016	4,4250E-016	5,4077E-016	6,5977E-016	7,0830E-016	7,1303E-016	7,1342E-016	7,1338E-016	7,1227E-016	6,9904E-016	6,5306E-016	5,9498E-016	5,4513E-016	4,9918E-016	4,6808E-016	TRUE
70,00	3,2141E-016	3,3327E-016	3,5003E-016	4,0233E-016	4,7455E-016	5,4281E-016	6,1209E-016	6,5234E-016	6,6019E-016	6,6064E-016	6,5918E-016	6,5856E-016	6,5824E-016	6,5715E-016	6,4649E-016	6,2200E-016	5,8557E-016	5,5269E-016	TRUE
75,00	3,0921E-016	3,1296E-016	3,4463E-016	4,3693E-016	5,2941E-016	5,7277E-016	5,9301E-016	6,0744E-016	6,1377E-016	6,1308E-016	6,0526E-016	5,9510E-016	5,9061E-016	5,8846E-016	5,8790E-016	5,9200E-016	5,9607E-016	5,9617E-016	TRUE
80,00	2,9003E-016	2,9534E-016	3,4220E-016	4,6803E-016	5,5549E-016	5,7437E-016	5,7722E-016	5,7720E-016	5,7624E-016	5,7192E-016	5,5359E-016	5,2181E-016	5,0038E-016	4,8916E-016	4,8468E-016	4,8998E-016	4,9395E-016	4,9260E-016	TRUE
85,00	2,7303E-016	2,7928E-016	3,3520E-016	4,7507E-016	5,4145E-016	5,4563E-016	5,4576E-016	5,4576E-016	5,4557E-016	5,4268E-016	5,1815E-016	4,5942E-016	4,0985E-016	3,8025E-016	3,5889E-016	3,5003E-016	3,4087E-016	3,3292E-016	TRUE
90,00	2,5794E-016	2,6405E-016	3,1972E-016	4,5670E-016	5,1304E-016	5,1518E-016	5,1534E-016	5,1540E-016	5,1542E-016	5,1542E-016	5,1069E-016	4,6120E-016	3,8960E-016	3,3950E-016	2,8792E-016	2,4130E-016	1,9907E-016	1,7869E-016	TRUE
95,00	2,4446E-016	2,4966E-016	2,9707E-016	4,2039E-016	4,8139E-016	4,8705E-016	4,8775E-016	4,8794E-016	4,8803E-016	4,8811E-016	4,8821E-016	4,8398E-016	4,4458E-016	3,8414E-016	3,0010E-016	2,2113E-016	1,6219E-016	1,4002E-016	TRUE
100,00	2,3235E-016	2,3694E-016	2,7207E-016	3,7354E-016	4,4422E-016	4,5826E-016	4,6134E-016	4,6233E-016	4,6281E-016	4,6314E-016	4,6348E-016	4,6379E-016	4,6227E-016	4,4005E-016	3,6905E-016	2,9779E-016	2,4906E-016	2,3154E-016	FALSE

1000000
0,08726646	0,17453293	0,26179939	0,34906585	0,43633231	0,52359878	0,61086524	0,6981317	0,78539816	0,87266463	0,95993109	1,04719755	1,13446401	1,22173048	1,30899694	1,3962634	1,48352986	1,57079633	
05,00	0,0000E000	0,0000E000	0,0000E000	0,0000E000	0,0000E000	0,0000E000	0,0000E000	0,0000E000	0,0000E000	0,0000E000	0,0000E000	0,0000E000	0,0000E000	0,0000E000	0,0000E000	0,0000E000	0,0000E000	0,0000E000	FALSE
10,00	0,0000E000	0,0000E000	0,0000E000	0,0000E000	0,0000E000	0,0000E000	0,0000E000	0,0000E000	0,0000E000	0,0000E000	0,0000E000	0,0000E000	0,0000E000	0,0000E000	0,0000E000	0,0000E000	0,0000E000	0,0000E000	FALSE
15,00	1,0323E-028	5,9531E-026	2,6690E-024	3,8811E-023	2,9072E-022	1,4201E-021	5,0802E-021	1,4498E-020	3,5282E-020	6,9480E-020	1,5706E-019	1,8981E-019	3,4771E-019	1,5485E-018	5,7644E-019	3,5960E-019	3,5428E-019	3,7466E-019	FALSE
20,00	1,0302E-024	2,4344E-022	6,6637E-021	6,8695E-020	3,9774E-019	1,5673E-018	4,6709E-018	1,1255E-017	2,2991E-017	4,0865E-017	6,5485E-017	9,4550E-017	1,2748E-016	1,6398E-016	1,9176E-016	2,0950E-016	2,1935E-016	2,1271E-016	FALSE
25,00	2,7608E-022	2,5762E-020	4,0753E-019	2,8221E-018	1,1921E-017	3,5959E-017	8,4186E-017	1,6146E-016	2,6568E-016	3,8890E-016	5,2198E-016	6,5631E-016	7,8347E-016	8,9922E-016	9,9373E-016	1,0504E-015	1,0257E-015	8,0792E-016	TRUE
30,00	1,6198E-020	8,0544E-019	8,1338E-018	3,9420E-017	1,2097E-016	2,6026E-016	4,3159E-016	6,0824E-016	7,6528E-016	9,1373E-016	1,0623E-015	1,1964E-015	1,3098E-015	1,3818E-015	1,4159E-015	1,4267E-015	1,3699E-015	9,3237E-016	TRUE
35,00	3,9812E-019	1,0462E-017	7,2420E-017	2,2458E-016	4,2197E-016	5,9617E-016	7,1281E-016	8,2900E-016	9,7805E-016	1,1090E-015	1,2143E-015	1,2908E-015	1,3126E-015	1,3133E-015	1,3130E-015	1,3107E-015	1,2876E-015	1,0200E-015	TRUE
40,00	5,5340E-018	7,1340E-017	2,6813E-016	4,8899E-016	5,8813E-016	6,6318E-016	7,9120E-016	9,3366E-016	1,0580E-015	1,1410E-015	1,1574E-015	1,1582E-015	1,1585E-015	1,1589E-015	1,1586E-015	1,1570E-015	1,1471E-015	1,0442E-015	TRUE
45,00	3,7016E-017	2,5212E-016	4,5552E-016	5,2881E-016	5,8104E-016	6,9429E-016	8,7425E-016	9,9961E-016	1,0245E-015	1,0291E-015	1,0307E-015	1,0309E-015	1,0309E-015	1,0309E-015	1,0305E-015	1,0283E-015	1,0227E-015	1,0025E-015	TRUE
50,00	1,2758E-016	4,1883E-016	4,6892E-016	5,0964E-016	6,2853E-016	7,7206E-016	8,7526E-016	9,2383E-016	9,2780E-016	9,2781E-016	9,2781E-016	9,2781E-016	9,2781E-016	9,2774E-016	9,2679E-016	9,2074E-016	9,0513E-016	8,7415E-016	TRUE
55,00	2,6184E-016	4,2171E-016	4,3406E-016	5,0626E-016	6,9284E-016	8,1745E-016	8,3984E-016	8,4310E-016	8,4346E-016	8,4346E-016	8,4346E-016	8,4346E-016	8,4346E-016	8,4277E-016	8,3894E-016	8,3602E-016	8,3501E-016	8,2894E-016	TRUE
60,00	3,5523E-016	3,8915E-016	4,1250E-016	5,0833E-016	6,9731E-016	7,7156E-016	7,7317E-016	7,7318E-016	7,7318E-016	7,7318E-016	7,7318E-016	7,7318E-016	7,7316E-016	7,7075E-016	7,5351E-016	7,3668E-016	7,3539E-016	7,3520E-016	TRUE
65,00	3,5612E-016	3,6473E-016	4,1879E-016	5,3527E-016	6,7053E-016	7,1321E-016	7,1370E-016	7,1370E-016	7,1370E-016	7,1370E-016	7,1370E-016	7,1364E-016	7,1356E-016	7,1048E-016	6,8050E-016	6,4500E-016	6,3664E-016	6,3092E-016	TRUE
70,00	3,3168E-016	3,5024E-016	4,5847E-016	5,8521E-016	6,4780E-016	6,6243E-016	6,6273E-016	6,6273E-016	6,6273E-016	6,6273E-016	6,6273E-016	6,6244E-016	6,6188E-016	6,6169E-016	6,5686E-016	6,4045E-016	6,2632E-016	6,1258E-016	TRUE
75,00	3,0983E-016	3,4370E-016	5,0716E-016	6,0401E-016	6,1747E-016	6,1852E-016	6,1855E-016	6,1855E-016	6,1855E-016	6,1855E-016	6,1854E-016	6,1576E-016	6,1061E-016	6,1025E-016	6,1240E-016	6,1385E-016	6,1349E-016	6,1295E-016	TRUE
80,00	2,9084E-016	3,3920E-016	5,3091E-016	5,7911E-016	5,7989E-016	5,7989E-016	5,7989E-016	5,7989E-016	5,7989E-016	5,7989E-016	5,7988E-016	5,7163E-016	5,5038E-016	5,4533E-016	5,5136E-016	5,5473E-016	5,5094E-016	5,4729E-016	TRUE
85,00	2,7432E-016	3,3029E-016	5,2305E-016	5,4574E-016	5,4578E-016	5,4578E-016	5,4578E-016	5,4578E-016	5,4578E-016	5,4578E-016	5,4577E-016	5,3128E-016	4,8523E-016	4,6829E-016	4,7369E-016	4,7059E-016	4,5210E-016	4,4023E-016	TRUE
90,00	2,5986E-016	3,1420E-016	4,9665E-016	5,1533E-016	5,1544E-016	5,1545E-016	5,1545E-016	5,1546E-016	5,1546E-016	5,1546E-016	5,1546E-016	5,0220E-016	4,3872E-016	4,0540E-016	3,9881E-016	3,7486E-016	3,2896E-016	3,0451E-016	TRUE
95,00	2,4709E-016	2,9316E-016	4,6051E-016	4,8766E-016	4,8828E-016	4,8828E-016	4,8821E-016	4,8825E-016	4,8831E-016	4,8833E-016	4,8833E-016	4,8693E-016	4,5413E-016	4,0790E-016	3,7491E-016	3,1919E-016	2,4435E-016	2,1113E-016	TRUE
100,00	2,3584E-016	2,7442E-016	4,1888E-016	4,6129E-016	4,6361E-016	4,6374E-016	4,6357E-016	4,6367E-016	4,6385E-016	4,6391E-016	4,6392E-016	4,6392E-016	4,6271E-016	4,4466E-016	4,0959E-016	3,4643E-016	2,7227E-016	2,4633E-016	FALSE

10000000
0,08726646	0,17453293	0,26179939	0,34906585	0,43633231	0,52359878	0,61086524	0,6981317	0,78539816	0,87266463	0,95993109	1,04719755	1,13446401	1,22173048	1,30899694	1,3962634	1,48352986	1,57079633	
05,00	0,0000E000	0,0000E000	0,0000E000	0,0000E000	0,0000E000	0,0000E000	0,0000E000	0,0000E000	0,0000E000	0,0000E000	0,0000E000	0,0000E000	0,0000E000	0,0000E000	0,0000E000	0,0000E000	0,0000E000	0,0000E000	FALSE
10,00	0,0000E000	0,0000E000	0,0000E000	0,0000E000	0,0000E000	0,0000E000	0,0000E000	0,0000E000	0,0000E000	0,0000E000	0,0000E000	0,0000E000	0,0000E000	0,0000E000	0,0000E000	0,0000E000	0,0000E000	0,0000E000	FALSE
15,00	1,0323E-027	5,9531E-025	2,6690E-023	3,8812E-022	2,9076E-021	1,4218E-020	5,1098E-020	1,4827E-019	3,7914E-019	8,1627E-019	2,4828E-018	3,2985E-018	9,0078E-018	9,8841E-017	3,3010E-017	1,0423E-017	1,1286E-017	7,8281E-017	FALSE
20,00	1,0302E-023	2,4343E-021	6,6613E-020	6,8543E-019	3,9418E-018	1,5269E-017	4,4042E-017	1,0091E-016	1,9288E-016	3,1757E-016	4,7159E-016	6,3320E-016	7,9979E-016	9,7984E-016	1,1027E-015	1,1628E-015	1,1587E-015	9,1774E-016	FALSE
25,00	2,7607E-021	2,5714E-019	4,0167E-018	2,6565E-017	1,0132E-016	2,5836E-016	4,8107E-016	7,2350E-016	9,5109E-016	1,1693E-015	1,3751E-015	1,5519E-015	1,6783E-015	1,7600E-015	1,8034E-015	1,8167E-015	1,7925E-015	1,2033E-015	TRUE
30,00	1,6166E-019	7,7831E-018	6,8580E-017	2,5633E-016	5,2751E-016	7,4223E-016	9,0236E-016	1,0850E-015	1,2987E-015	1,4462E-015	1,5205E-015	1,5431E-015	1,5454E-015	1,5462E-015	1,5463E-015	1,5463E-015	1,5463E-015	1,4021E-015	TRUE
35,00	3,8028E-018	8,3168E-017	3,5635E-016	6,0211E-016	7,1336E-016	8,4616E-016	1,0632E-015	1,2525E-015	1,3121E-015	1,3247E-015	1,3254E-015	1,3254E-015	1,3254E-015	1,3254E-015	1,3254E-015	1,3254E-015	1,3254E-015	1,3169E-015	TRUE
40,00	4,4798E-017	3,1853E-016	5,6387E-016	6,1783E-016	7,5468E-016	9,9522E-016	1,1258E-015	1,1579E-015	1,1598E-015	1,1598E-015	1,1598E-015	1,1598E-015	1,1598E-015	1,1598E-015	1,1598E-015	1,1598E-015	1,1598E-015	1,1596E-015	TRUE
45,00	2,0596E-016	4,9226E-016	5,3515E-016	6,3877E-016	8,4293E-016	1,0095E-015	1,0308E-015	1,0309E-015	1,0309E-015	1,0309E-015	1,0309E-015	1,0309E-015	1,0309E-015	1,0309E-015	1,0309E-015	1,0309E-015	1,0309E-015	1,0309E-015	TRUE
50,00	3,9120E-016	4,6683E-016	5,1912E-016	7,3370E-016	8,9501E-016	9,2675E-016	9,2781E-016	9,2781E-016	9,2781E-016	9,2781E-016	9,2781E-016	9,2781E-016	9,2781E-016	9,2781E-016	9,2781E-016	9,2779E-016	9,2778E-016	9,2772E-016	TRUE
55,00	4,1874E-016	4,2946E-016	5,2420E-016	7,8423E-016	8,4289E-016	8,4346E-016	8,4346E-016	8,4346E-016	8,4346E-016	8,4346E-016	8,4346E-016	8,4346E-016	8,4346E-016	8,4346E-016	8,4345E-016	8,4320E-016	8,4318E-016	8,4319E-016	TRUE
60,00	3,8703E-016	4,0976E-016	5,5017E-016	7,5684E-016	7,7318E-016	7,7318E-016	7,7318E-016	7,7318E-016	7,7318E-016	7,7318E-016	7,7318E-016	7,7318E-016	7,7318E-016	7,7318E-016	7,7312E-016	7,7143E-016	7,7074E-016	7,7058E-016	TRUE
65,00	3,5825E-016	4,2035E-016	6,0278E-016	7,0959E-016	7,1370E-016	7,1370E-016	7,1370E-016	7,1370E-016	7,1370E-016	7,1370E-016	7,1370E-016	7,1370E-016	7,1370E-016	7,1370E-016	7,1359E-016	7,0990E-016	7,0777E-016	7,0704E-016	TRUE
70,00	3,3449E-016	4,6153E-016	6,3727E-016	6,6246E-016	6,6273E-016	6,6273E-016	6,6273E-016	6,6273E-016	6,6273E-016	6,6273E-016	6,6273E-016	6,6273E-016	6,6265E-016	6,6267E-016	6,6265E-016	6,6074E-016	6,5805E-016	6,5652E-016	TRUE
75,00	3,1482E-016	5,0703E-016	6,1711E-016	6,1855E-016	6,1855E-016	6,1855E-016	6,1855E-016	6,1855E-016	6,1855E-016	6,1855E-016	6,1855E-016	6,1854E-016	6,1795E-016	6,1827E-016	6,1826E-016	6,1800E-016	6,1748E-016	6,1711E-016	TRUE
80,00	2,9875E-016	5,2732E-016	5,7988E-016	5,7989E-016	5,7989E-016	5,7989E-016	5,7989E-016	5,7989E-016	5,7989E-016	5,7989E-016	5,7989E-016	5,7988E-016	5,7702E-016	5,7786E-016	5,7749E-016	5,7588E-016	5,7265E-016	5,7010E-016	TRUE
85,00	2,8679E-016	5,1824E-016	5,4578E-016	5,4578E-016	5,4578E-016	5,4578E-016	5,4578E-016	5,4578E-016	5,4578E-016	5,4578E-016	5,4578E-016	5,4577E-016	5,3911E-016	5,3988E-016	5,3667E-016	5,2822E-016	5,1242E-016	5,0172E-016	TRUE
90,00	2,7809E-016	4,9160E-016	5,1546E-016	5,1546E-016	5,1546E-016	5,1546E-016	5,1546E-016	5,1546E-016	5,1546E-016	5,1546E-016	5,1546E-016	5,1545E-016	5,0547E-016	5,0475E-016	4,9598E-016	4,7514E-016	4,3560E-016	4,1035E-016	TRUE
95,00	2,7145E-016	4,5690E-016	4,8832E-016	4,8833E-016	4,8833E-016	4,8833E-016	4,8833E-016	4,8833E-016	4,8833E-016	4,8833E-016	4,8833E-016	4,8833E-016	4,8191E-016	4,7614E-016	4,6026E-016	4,2583E-016	3,5955E-016	3,1948E-016	TRUE
100,00	2,6672E-016	4,2144E-016	4,6389E-016	4,6392E-016	4,6392E-016	4,6392E-016	4,6392E-016	4,6392E-016	4,6392E-016	4,6392E-016	4,6392E-016	4,6392E-016	4,6360E-016	4,5945E-016	4,4369E-016	4,0789E-016	3,3514E-016	2,9538E-016	FALSE

100000000
0,08726646	0,17453293	0,26179939	0,34906585	0,43633231	0,52359878	0,61086524	0,6981317	0,78539816	0,87266463	0,95993109	1,04719755	1,13446401	1,22173048	1,30899694	1,3962634	1,48352986	1,57079633	
05,00	0,0000E000	0,0000E000	0,0000E000	0,0000E000	0,0000E000	0,0000E000	0,0000E000	0,0000E000	0,0000E000	0,0000E000	2,7052E-017	3,9323E-017	5,8863E-017	1,1078E-016	1,2559E-016	1,2923E-016	1,1522E-016	6,1946E-017	FALSE
10,00	0,0000E000	0,0000E000	0,0000E000	0,0000E000	0,0000E000	0,0000E000	0,0000E000	0,0000E000	0,0000E000	4,5600E-018	2,1104E-016	2,8903E-016	4,0113E-016	6,8017E-016	7,6228E-016	7,8253E-016	7,0829E-016	3,8795E-016	FALSE
15,00	1,0323E-026	5,9531E-024	2,6689E-022	3,8813E-021	2,9116E-020	1,4407E-019	5,5616E-019	2,4348E-018	2,8749E-017	2,8824E-016	6,9414E-016	8,8921E-016	1,1183E-015	1,6001E-015	1,7545E-015	1,7930E-015	1,6701E-015	9,4611E-016	FALSE
20,00	1,0301E-022	2,4337E-020	6,6384E-019	6,7128E-018	3,6614E-017	1,2777E-016	3,1355E-016	5,8760E-016	9,1280E-016	1,2404E-015	1,5519E-015	1,8092E-015	1,9993E-015	2,1616E-015	2,2354E-015	2,2555E-015	2,2282E-015	1,4334E-015	FALSE
25,00	2,7593E-020	2,5272E-018	3,6114E-017	1,9099E-016	5,0411E-016	8,2721E-016	1,0742E-015	1,3302E-015	1,6003E-015	1,7752E-015	1,8422E-015	1,8540E-015	1,8556E-015	1,8556E-015	1,8556E-015	1,8556E-015	1,8556E-015	1,7687E-015	TRUE
30,00	1,5871E-018	6,3293E-017	3,5092E-016	6,9543E-016	8,5203E-016	1,0700E-015	1,3531E-015	1,5181E-015	1,5450E-015	1,5463E-015	1,5463E-015	1,5463E-015	1,5463E-015	1,5463E-015	1,5463E-015	1,5463E-015	1,5463E-015	1,5463E-015	TRUE
35,00	3,0417E-017	3,7026E-016	6,5216E-016	7,4314E-016	9,8426E-016	1,2468E-015	1,3233E-015	1,3254E-015	1,3254E-015	1,3254E-015	1,3254E-015	1,3254E-015	1,3254E-015	1,3254E-015	1,3254E-015	1,3254E-015	1,3254E-015	1,3254E-015	TRUE
40,00	2,1300E-016	5,6830E-016	6,1990E-016	8,2715E-016	1,1127E-015	1,1591E-015	1,1598E-015	1,1598E-015	1,1598E-015	1,1598E-015	1,1598E-015	1,1598E-015	1,1598E-015	1,1598E-015	1,1598E-015	1,1598E-015	1,1598E-015	1,1598E-015	TRUE
45,00	4,6185E-016	5,2488E-016	6,6190E-016	9,3659E-016	1,0299E-015	1,0309E-015	1,0309E-015	1,0309E-015	1,0309E-015	1,0309E-015	1,0309E-015	1,0309E-015	1,0309E-015	1,0309E-015	1,0309E-015	1,0309E-015	1,0309E-015	1,0309E-015	TRUE
50,00	4,6398E-016	4,9172E-016	7,6560E-016	9,2375E-016	9,2781E-016	9,2781E-016	9,2781E-016	9,2781E-016	9,2781E-016	9,2781E-016	9,2781E-016	9,2781E-016	9,2781E-016	9,2781E-016	9,2781E-016	9,2781E-016	9,2781E-016	9,2781E-016	TRUE
55,00	4,2282E-016	4,8554E-016	8,0056E-016	8,4346E-016	8,4346E-016	8,4346E-016	8,4346E-016	8,4346E-016	8,4346E-016	8,4346E-016	8,4346E-016	8,4346E-016	8,4346E-016	8,4346E-016	8,4346E-016	8,4346E-016	8,4346E-016	8,4346E-016	TRUE
60,00	3,9101E-016	5,2503E-016	7,6485E-016	7,7318E-016	7,7318E-016	7,7318E-016	7,7318E-016	7,7318E-016	7,7318E-016	7,7318E-016	7,7318E-016	7,7318E-016	7,7318E-016	7,7318E-016	7,7318E-016	7,7318E-016	7,7318E-016	7,7318E-016	TRUE
65,00	3,7031E-016	6,0065E-016	7,1301E-016	7,1370E-016	7,1370E-016	7,1370E-016	7,1370E-016	7,1370E-016	7,1370E-016	7,1370E-016	7,1370E-016	7,1370E-016	7,1370E-016	7,1370E-016	7,1370E-016	7,1370E-016	7,1370E-016	7,1370E-016	TRUE
70,00	3,6062E-016	6,4026E-016	6,6272E-016	6,6273E-016	6,6273E-016	6,6273E-016	6,6273E-016	6,6273E-016	6,6273E-016	6,6273E-016	6,6273E-016	6,6273E-016	6,6273E-016	6,6273E-016	6,6273E-016	6,6273E-016	6,6272E-016	6,6271E-016	TRUE
75,00	3,5896E-016	6,1743E-016	6,1855E-016	6,1855E-016	6,1855E-016	6,1855E-016	6,1855E-016	6,1855E-016	6,1855E-016	6,1855E-016	6,1855E-016	6,1855E-016	6,1855E-016	6,1855E-016	6,1855E-016	6,1850E-016	6,1832E-016	6,1813E-016	TRUE
80,00	3,6322E-016	5,7988E-016	5,7989E-016	5,7989E-016	5,7989E-016	5,7989E-016	5,7989E-016	5,7989E-016	5,7989E-016	5,7989E-016	5,7989E-016	5,7989E-016	5,7989E-016	5,7989E-016	5,7989E-016	5,7970E-016	5,7882E-016	5,7782E-016	TRUE
85,00	3,7776E-016	5,4578E-016	5,4578E-016	5,4578E-016	5,4578E-016	5,4578E-016	5,4578E-016	5,4578E-016	5,4578E-016	5,4578E-016	5,4578E-016	5,4578E-016	5,4578E-016	5,4578E-016	5,4576E-016	5,4441E-016	5,3836E-016	5,3221E-016	TRUE
90,00	3,9524E-016	5,1546E-016	5,1546E-016	5,1546E-016	5,1546E-016	5,1546E-016	5,1546E-016	5,1546E-016	5,1546E-016	5,1546E-016	5,1546E-016	5,1546E-016	5,1546E-016	5,1546E-016	5,1542E-016	5,1175E-016	4,9481E-016	4,7773E-016	TRUE
95,00	4,0676E-016	4,8833E-016	4,8833E-016	4,8833E-016	4,8833E-016	4,8833E-016	4,8833E-016	4,8833E-016	4,8833E-016	4,8833E-016	4,8833E-016	4,8833E-016	4,8833E-016	4,8833E-016	4,8826E-016	4,8177E-016	4,5091E-016	4,1994E-016	TRUE
100,00	4,1034E-016	4,6392E-016	4,6392E-016	4,6392E-016	4,6392E-016	4,6392E-016	4,6392E-016	4,6392E-016	4,6392E-016	4,6392E-016	4,6392E-016	4,6392E-016	4,6392E-016	4,6392E-016	4,6385E-016	4,5609E-016	4,1757E-016	3,7947E-016	FALSE

1000000000
0,08726646	0,17453293	0,26179939	0,34906585	0,43633231	0,52359878	0,61086524	0,6981317	0,78539816	0,87266463	0,95993109	1,04719755	1,13446401	1,22173048	1,30899694	1,3962634	1,48352986	1,57079633	
05,00	0,0000E000	0,0000E000	0,0000E000	0,0000E000	0,0000E000	0,0000E000	0,0000E000	4,7475E-017	4,9417E-017	7,8831E-017	1,3987E-016	1,5702E-016	1,5789E-016	1,5791E-016	1,5791E-016	1,5791E-016	1,5791E-016	9,1296E-017	FALSE
10,00	0,0000E000	0,0000E000	0,0000E000	0,0000E000	0,0000E000	0,0000E000	9,9093E-018	3,1293E-016	3,3968E-016	5,1160E-016	8,3842E-016	9,2911E-016	9,3369E-016	9,3376E-016	9,3376E-016	9,3376E-016	9,3376E-016	5,7853E-016	FALSE
15,00	1,0323E-025	5,9531E-023	2,6687E-021	3,8833E-020	2,9729E-019	2,2222E-018	2,7354E-016	8,3044E-016	9,5861E-016	1,3248E-015	1,8828E-015	2,0319E-015	2,0393E-015	2,0394E-015	2,0394E-015	2,0394E-015	2,0394E-015	1,4401E-015	FALSE
20,00	1,0301E-021	2,4277E-019	6,4335E-018	5,8363E-017	2,5409E-016	6,3381E-016	1,0852E-015	1,4523E-015	1,7948E-015	2,1060E-015	2,2713E-015	2,3022E-015	2,3034E-015	2,3034E-015	2,3034E-015	2,3034E-015	2,3034E-015	2,1449E-015	FALSE
25,00	2,7455E-019	2,2486E-017	2,3006E-016	6,7466E-016	9,8292E-016	1,2509E-015	1,6156E-015	1,8227E-015	1,8546E-015	1,8556E-015	1,8556E-015	1,8556E-015	1,8556E-015	1,8556E-015	1,8556E-015	1,8556E-015	1,8556E-015	1,8556E-015	TRUE
30,00	1,4103E-017	3,0986E-016	7,3680E-016	8,7698E-016	1,2100E-015	1,5003E-015	1,5459E-015	1,5463E-015	1,5463E-015	1,5463E-015	1,5463E-015	1,5463E-015	1,5463E-015	1,5463E-015	1,5463E-015	1,5463E-015	1,5463E-015	1,5463E-015	TRUE
35,00	1,6776E-016	6,4639E-016	7,3003E-016	1,0641E-015	1,3087E-015	1,3254E-015	1,3254E-015	1,3254E-015	1,3254E-015	1,3254E-015	1,3254E-015	1,3254E-015	1,3254E-015	1,3254E-015	1,3254E-015	1,3254E-015	1,3254E-015	1,3254E-015	TRUE
40,00	4,8620E-016	5,9788E-016	8,1946E-016	1,1419E-015	1,1598E-015	1,1598E-015	1,1598E-015	1,1598E-015	1,1598E-015	1,1598E-015	1,1598E-015	1,1598E-015	1,1598E-015	1,1598E-015	1,1598E-015	1,1598E-015	1,1598E-015	1,1598E-015	TRUE
45,00	5,1582E-016	5,9607E-016	9,5493E-016	1,0308E-015	1,0309E-015	1,0309E-015	1,0309E-015	1,0309E-015	1,0309E-015	1,0309E-015	1,0309E-015	1,0309E-015	1,0309E-015	1,0309E-015	1,0309E-015	1,0309E-015	1,0309E-015	1,0309E-015	TRUE
50,00	4,6613E-016	6,5779E-016	9,2626E-016	9,2781E-016	9,2781E-016	9,2781E-016	9,2781E-016	9,2781E-016	9,2781E-016	9,2781E-016	9,2781E-016	9,2781E-016	9,2781E-016	9,2781E-016	9,2781E-016	9,2781E-016	9,2781E-016	9,2781E-016	TRUE
55,00	4,3191E-016	7,1939E-016	8,4346E-016	8,4346E-016	8,4346E-016	8,4346E-016	8,4346E-016	8,4346E-016	8,4346E-016	8,4346E-016	8,4346E-016	8,4346E-016	8,4346E-016	8,4346E-016	8,4346E-016	8,4346E-016	8,4346E-016	8,4346E-016	TRUE
60,00	4,2440E-016	7,3990E-016	7,7318E-016	7,7318E-016	7,7318E-016	7,7318E-016	7,7318E-016	7,7318E-016	7,7318E-016	7,7318E-016	7,7318E-016	7,7318E-016	7,7318E-016	7,7318E-016	7,7318E-016	7,7318E-016	7,7318E-016	7,7318E-016	TRUE
65,00	4,5564E-016	7,1161E-016	7,1370E-016	7,1370E-016	7,1370E-016	7,1370E-016	7,1370E-016	7,1370E-016	7,1370E-016	7,1370E-016	7,1370E-016	7,1370E-016	7,1370E-016	7,1370E-016	7,1370E-016	7,1370E-016	7,1370E-016	7,1370E-016	TRUE
70,00	5,0993E-016	6,6272E-016	6,6273E-016	6,6273E-016	6,6273E-016	6,6273E-016	6,6273E-016	6,6273E-016	6,6273E-016	6,6273E-016	6,6273E-016	6,6273E-016	6,6273E-016	6,6273E-016	6,6273E-016	6,6273E-016	6,6273E-016	6,6273E-016	TRUE
75,00	5,4681E-016	6,1855E-016	6,1855E-016	6,1855E-016	6,1855E-016	6,1855E-016	6,1855E-016	6,1855E-016	6,1855E-016	6,1855E-016	6,1855E-016	6,1855E-016	6,1855E-016	6,1855E-016	6,1855E-016	6,1855E-016	6,1853E-016	6,1848E-016	TRUE
80,00	5,4821E-016	5,7989E-016	5,7989E-016	5,7989E-016	5,7989E-016	5,7989E-016	5,7989E-016	5,7989E-016	5,7989E-016	5,7989E-016	5,7989E-016	5,7989E-016	5,7989E-016	5,7989E-016	5,7989E-016	5,7989E-016	5,7984E-016	5,7965E-016	TRUE
85,00	5,3620E-016	5,4578E-016	5,4578E-016	5,4578E-016	5,4578E-016	5,4578E-016	5,4578E-016	5,4578E-016	5,4578E-016	5,4578E-016	5,4578E-016	5,4578E-016	5,4578E-016	5,4578E-016	5,4578E-016	5,4578E-016	5,4537E-016	5,4369E-016	TRUE
90,00	5,1416E-016	5,1546E-016	5,1546E-016	5,1546E-016	5,1546E-016	5,1546E-016	5,1546E-016	5,1546E-016	5,1546E-016	5,1546E-016	5,1546E-016	5,1546E-016	5,1546E-016	5,1546E-016	5,1546E-016	5,1546E-016	5,1417E-016	5,0885E-016	TRUE
95,00	4,8824E-016	4,8833E-016	4,8833E-016	4,8833E-016	4,8833E-016	4,8833E-016	4,8833E-016	4,8833E-016	4,8833E-016	4,8833E-016	4,8833E-016	4,8833E-016	4,8833E-016	4,8833E-016	4,8833E-016	4,8833E-016	4,8579E-016	4,7533E-016	TRUE
100,00	4,6391E-016	4,6392E-016	4,6392E-016	4,6392E-016	4,6392E-016	4,6392E-016	4,6392E-016	4,6392E-016	4,6392E-016	4,6392E-016	4,6392E-016	4,6392E-016	4,6392E-016	4,6392E-016	4,6392E-016	4,6392E-016	4,6035E-016	4,4570E-016	FALSE

